299264.4
1.12610214E7
1.60257042E7
1.5260749E7
1.53365489E7
1.52293689E7
1.52536933E7
1.52475111E7
1.51248568E7
1.50747533E7
1.5191169E7
1.54143964E7
1.50378226E7
1.50610225E7
1.50237447E7
1.49892787E7
1.50210019E7
1.50572529E7
1.60519819E7
1.60910067E7
1.60505805E7
1.64434857E7
1.61052166E7
1.61626074E7
1.61117693E7
1.61545465E7
1.6205421E7
1.60499307E7
1.61141567E7
1.61779839E7
1.61191141E7
1.63964377E7
1.60823126E7
1.60478169E7
1.63719643E7
1.61115705E7
1.61480155E7
1.63669407E7
1.63577822E7
1.67153576E7
***
34823.4
6653052.6
1.47443366E7
1.50459405E7
1.50876405E7
1.48200512E7
1.48140025E7
1.48277781E7
1.4863783E7
1.48774996E7
1.49335968E7
1.48866084E7
1.48515952E7
1.51127093E7
1.48667963E7
1.49102109E7
1.49069479E7
1.49460511E7
1.59080001E7
1.593391E7
1.59815304E7
1.59294475E7
1.59576723E7
1.63115179E7
1.60173387E7
1.60663197E7
1.60803439E7
1.59683315E7
1.60098833E7
1.60239945E7
1.60795791E7
1.60729615E7
1.62609851E7
1.60709944E7
1.60739025E7
1.70454422E7
1.69247399E7
1.62388626E7
1.62468829E7
1.6144706E7
***
33101.9
6658167.6
1.49521746E7
1.47973091E7
1.4800965E7
1.48430662E7
1.4827612E7
1.48266703E7
1.48240235E7
1.48485386E7
1.48454727E7
1.51460392E7
1.49108571E7
1.50851795E7
1.49700528E7
1.48901753E7
1.48865327E7
1.49670933E7
1.59305409E7
1.59219216E7
1.5931045E7
1.60090812E7
1.60260341E7
1.60770874E7
1.59819972E7
1.60581062E7
1.60277535E7
1.59854417E7
1.60365135E7
1.60383128E7
1.60806589E7
1.62980867E7
1.60790242E7
1.61694772E7
1.61358272E7
1.6161734E7
1.62120715E7
1.62400994E7
1.61855244E7
1.65514116E7
***
32291.7
6662167.5
1.4733861E7
1.47459473E7
1.47808663E7
1.48390781E7
1.48286732E7
1.4844858E7
1.4853346E7
1.4871925E7
1.49803566E7
1.48634192E7
1.48535356E7
1.48609195E7
1.49474829E7
1.48891547E7
1.48963094E7
1.49593588E7
1.59580244E7
1.60950694E7
1.60357245E7
1.59223088E7
1.59503629E7
1.59498087E7
1.59490809E7
1.59985206E7
1.60863387E7
1.60875096E7
1.60536097E7
1.60452458E7
1.6083884E7
1.60357806E7
1.61321537E7
1.61079183E7
1.61006192E7
1.62923285E7
1.61662897E7
1.64260823E7
1.61202472E7
1.61077246E7
***
29267.4
6641050.1
1.47319855E7
1.48658784E7
1.47855623E7
1.48625303E7
1.47946968E7
1.48024606E7
1.48093821E7
1.48463702E7
1.4919981E7
1.48777517E7
1.48771945E7
1.50020238E7
1.48903064E7
1.4892059E7
1.49145959E7
1.49338158E7
1.59084738E7
1.59986642E7
1.60672373E7
1.60471101E7
1.59646789E7
1.61762984E7
1.59911689E7
1.61423429E7
1.60124833E7
1.6036275E7
1.62008856E7
1.60677052E7
1.60730633E7
1.62117405E7
1.61645581E7
1.60678398E7
1.60516474E7
1.61842776E7
1.60865535E7
1.61567579E7
1.60723178E7
1.63065442E7
***
28597.0
6645309.7
1.47219579E7
1.48727582E7
1.47855174E7
1.47832705E7
1.48102573E7
1.48155203E7
1.48301692E7
1.48367463E7
1.48433974E7
1.49810855E7
1.49956641E7
1.49155355E7
1.49657195E7
1.48830902E7
1.4921544E7
1.4935517E7
1.59538749E7
1.59577908E7
1.6027141E7
1.58843071E7
1.59309412E7
1.59536772E7
1.5967266E7
1.59979294E7
1.60828409E7
1.61101582E7
1.60213438E7
1.61912867E7
1.61074723E7
1.61323102E7
1.61434765E7
1.61484114E7
1.60315792E7
1.61772918E7
1.61595905E7
1.61961673E7
1.60989235E7
1.62770776E7
***
29447.6
7059810.0
1.5127194E7
1.51950424E7
1.52361091E7
1.53444025E7
1.53741319E7
1.53848227E7
1.53981437E7
1.55058838E7
1.5373566E7
1.5422996E7
1.54355489E7
1.55852406E7
1.54753842E7
1.54688157E7
1.54920805E7
1.56273253E7
1.64237929E7
1.64586559E7
1.65076893E7
1.6406501E7
1.64151727E7
1.64409669E7
1.65483063E7
1.65107986E7
1.65472735E7
1.65086916E7
1.65733914E7
1.65157922E7
1.65654378E7
1.66563654E7
1.65549072E7
1.66517455E7
1.67117013E7
1.65538959E7
1.66199993E7
1.66286635E7
1.65333924E7
1.65307636E7
***
25699.7
7120067.8
1.52452506E7
1.5204958E7
1.51972035E7
1.53355619E7
1.53009553E7
1.52938723E7
1.53023024E7
1.54910673E7
1.54176081E7
1.54221357E7
1.54429664E7
1.55716012E7
1.54753744E7
1.55029688E7
1.55843501E7
1.5483422E7
1.63678867E7
1.6587801E7
1.64057114E7
1.64802918E7
1.65819985E7
1.64348125E7
1.65087367E7
1.66657149E7
1.65468626E7
1.65151201E7
1.65826484E7
1.64410584E7
1.64660412E7
1.67195658E7
1.65339349E7
1.66557186E7
1.65997225E7
1.66666271E7
1.66932682E7
1.67239451E7
1.66442009E7
1.67254097E7
***
25177.6
7079570.5
1.51221389E7
1.52679244E7
1.51724829E7
1.51695569E7
1.54435439E7
1.53739998E7
1.54181449E7
1.54699219E7
1.54325197E7
1.54669534E7
1.55562963E7
1.60806737E7
1.54354365E7
1.5533718E7
1.55601073E7
1.5443465E7
1.64704394E7
1.67020975E7
1.63798095E7
1.65701013E7
1.64333964E7
1.65265311E7
1.64904126E7
1.65165733E7
1.66435608E7
1.65124349E7
1.64510553E7
1.65778273E7
1.65599941E7
1.66269807E7
1.65478603E7
1.65574241E7
1.66262325E7
1.65714468E7
1.66982105E7
1.65648928E7
1.65746085E7
1.68923923E7
***
25368.0
7073102.7
1.51302079E7
1.52591558E7
1.52022122E7
1.52486005E7
1.54211369E7
1.53787086E7
1.53765999E7
1.54902467E7
1.54210253E7
1.53988419E7
1.55232728E7
1.54487164E7
1.59069902E7
1.54736316E7
1.5500626E7
1.55699703E7
1.63641205E7
1.64981114E7
1.68471638E7
1.64638486E7
1.64895616E7
1.67431349E7
1.64419974E7
1.65789566E7
1.64412199E7
1.64939209E7
1.65769765E7
1.65012281E7
1.65899015E7
1.65328162E7
1.6558515E7
1.668851E7
1.66517674E7
1.67738736E7
1.65123145E7
1.65685391E7
1.66528207E7
1.66986373E7
***
24724.3
7062685.5
1.54669399E7
1.51698209E7
1.5211739E7
1.53094325E7
1.53670739E7
1.53551105E7
1.58810988E7
1.54078797E7
1.54375912E7
1.57090278E7
1.54319472E7
1.54441355E7
1.56560048E7
1.54593281E7
1.55243261E7
1.55471263E7
1.64367343E7
1.65449213E7
1.63989205E7
1.645502E7
1.66512665E7
1.65207584E7
1.64174704E7
1.66610095E7
1.64449473E7
1.66488716E7
1.64776954E7
1.651936E7
1.65254759E7
1.65391602E7
1.68278695E7
1.64737163E7
1.64915104E7
1.67975917E7
1.66352546E7
1.67302661E7
1.66030625E7
1.67196243E7
***
24206.5
7156262.7
1.51303581E7
1.51906308E7
1.5313713E7
1.52327468E7
1.53588769E7
1.54618763E7
1.53892162E7
1.54089414E7
1.55007872E7
1.54294309E7
1.5431922E7
1.55551002E7
1.54236805E7
1.54591923E7
1.5567899E7
1.54900207E7
1.63995171E7
1.64864447E7
1.64324133E7
1.64804883E7
1.64235461E7
1.64989057E7
1.65683812E7
1.64457825E7
1.6556691E7
1.68114226E7
1.659508E7
1.66684228E7
1.64629114E7
1.6558617E7
1.66372797E7
1.65847916E7
1.66658655E7
1.68291892E7
1.66450619E7
1.70750338E7
1.6661979E7
1.68111884E7
***
23970.3
7547667.1
1.57683291E7
1.57263633E7
1.58325142E7
1.58001778E7
1.59195312E7
1.58384307E7
1.60787774E7
1.58773235E7
1.59805681E7
1.59023031E7
1.6078479E7
1.59292129E7
1.59949079E7
1.59262211E7
1.60600225E7
1.60271489E7
1.69476307E7
1.69206434E7
1.70084139E7
1.68920663E7
1.70420553E7
1.69746344E7
1.70713361E7
1.72443654E7
1.70951242E7
1.7101194E7
1.69919608E7
1.71158564E7
1.6977834E7
1.71150434E7
1.70571022E7
1.71374221E7
1.71123348E7
1.7058166E7
1.71994222E7
1.71137741E7
1.72946032E7
1.71267069E7
***
23229.4
7515947.5
1.57034525E7
1.57941211E7
1.57637595E7
1.58970912E7
1.58929328E7
1.59980085E7
1.58904561E7
1.60126637E7
1.59372889E7
1.59804029E7
1.58989934E7
1.60259739E7
1.59419153E7
1.61093404E7
1.59644882E7
1.6451299E7
1.89390053E7
1.8930215E7
1.86385412E7
1.68847362E7
1.70422449E7
1.69762238E7
1.71427256E7
1.69459663E7
1.70690759E7
1.70803149E7
1.70318528E7
1.71562152E7
1.70544763E7
1.71217518E7
1.69486261E7
1.72451886E7
1.70501422E7
1.71241783E7
1.72046547E7
1.72018507E7
1.73284157E7
1.71832514E7
***
18810.7
7570136.3
1.5589256E7
1.58263404E7
1.57843729E7
1.59095287E7
1.58417171E7
1.59804852E7
1.58708104E7
1.59626143E7
1.58988127E7
1.60187704E7
1.59014668E7
1.603481E7
1.59337463E7
1.60437225E7
1.59542769E7
1.60820782E7
1.6889113E7
1.70051924E7
1.69069599E7
1.7016877E7
1.69709231E7
1.69552791E7
1.70389401E7
1.69220139E7
1.72333005E7
1.69823226E7
1.7132809E7
1.70140846E7
1.71238737E7
1.7092452E7
1.70438139E7
1.71484902E7
1.70069561E7
1.71912377E7
1.72115555E7
1.71885007E7
1.71978616E7
1.72706686E7
***
19192.5
7641830.8
1.56439899E7
1.58257013E7
1.57818689E7
1.59062576E7
1.58330835E7
1.59160412E7
1.58459685E7
1.59607462E7
1.59910464E7
1.64311548E7
1.59493438E7
1.60654245E7
1.59388134E7
1.59965386E7
1.60069342E7
1.61233939E7
1.6875492E7
1.71215927E7
1.68875467E7
1.70674936E7
1.7035342E7
1.69941093E7
1.71252133E7
1.69906622E7
1.70251644E7
1.69642791E7
1.71306277E7
1.70464661E7
1.71094051E7
1.70852156E7
1.70331992E7
1.70763578E7
1.7098097E7
1.72014201E7
1.70560308E7
1.71969682E7
1.71579717E7
1.74946961E7
***
19816.1
7637189.1
1.5671994E7
1.59798737E7
1.58891047E7
1.58952164E7
1.58302515E7
1.59354529E7
1.58301575E7
1.59898582E7
1.58653913E7
1.60584288E7
1.58898125E7
1.60499978E7
1.59559028E7
1.61230076E7
1.59785229E7
1.60938735E7
1.69430829E7
1.70673732E7
1.69243432E7
1.7160936E7
1.69877276E7
1.69433735E7
1.71850368E7
1.79164314E7
1.70528099E7
1.69475066E7
1.71011705E7
1.71138208E7
1.70793822E7
1.70807579E7
1.70305783E7
1.71447707E7
1.69729523E7
1.71489709E7
1.70985613E7
1.70188232E7
1.71892961E7
1.719429E7
***
18833.2
7609544.3
1.56676279E7
1.579766E7
1.57759126E7
1.58716387E7
1.59360186E7
1.59331056E7
1.58823423E7
1.59362196E7
1.58886777E7
1.59713238E7
1.59232173E7
1.59663068E7
1.58742783E7
1.60273451E7
1.59456161E7
1.61030975E7
1.68988828E7
1.70137108E7
1.69527694E7
1.69513926E7
1.70533041E7
1.69702709E7
1.71045954E7
1.69460502E7
1.70564488E7
1.69918219E7
1.70952943E7
1.70071529E7
1.72078924E7
1.70573136E7
1.70516616E7
1.72020248E7
1.71849629E7
1.72464466E7
1.71956919E7
1.708273E7
1.71623615E7
1.70846373E7
***
19272.6
8243571.0
1.63098168E7
1.62610916E7
1.63031161E7
1.634796E7
1.63369785E7
1.64369501E7
1.65267586E7
1.64384414E7
1.6710481E7
1.65295012E7
1.63945046E7
1.65467052E7
1.65397047E7
1.64945085E7
1.67177644E7
1.66318988E7
1.74746692E7
1.74312807E7
1.7534561E7
1.75455707E7
1.74438931E7
1.75700628E7
1.75675608E7
1.76290019E7
1.75941043E7
1.77225352E7
1.76281443E7
1.77599721E7
1.76793137E7
1.77525206E7
1.77805452E7
1.78119284E7
1.76682415E7
1.76638189E7
1.77624154E7
1.77950474E7
1.78168727E7
1.78839745E7
***
20796.7
8228692.5
1.61896822E7
1.62022649E7
1.65211159E7
1.63190223E7
1.63069546E7
1.64143177E7
1.64852698E7
1.63877795E7
1.65067077E7
1.65671419E7
1.64412616E7
1.64622046E7
1.65800239E7
1.64728295E7
1.66334543E7
1.66144402E7
1.74916145E7
1.74061989E7
1.75242415E7
1.76216885E7
1.74635536E7
1.78421395E7
1.75303557E7
1.75624243E7
1.74745351E7
1.75559657E7
1.75351997E7
1.76880114E7
1.76668916E7
1.77208377E7
1.76996047E7
1.78687089E7
1.774628E7
1.77809997E7
1.77117929E7
1.78217831E7
1.7602067E7
1.80159136E7
***
21321.6
8213832.1
1.60863633E7
1.63470591E7
1.63475E7
1.6316094E7
1.64593069E7
1.64423413E7
1.65173034E7
1.64751572E7
1.65266705E7
1.65038755E7
1.64833397E7
1.65157828E7
1.65837687E7
1.6472778E7
1.65557294E7
1.66037732E7
1.75001699E7
1.75068768E7
1.7466477E7
1.75425966E7
1.75128959E7
1.75707372E7
1.75589832E7
1.75869653E7
1.74805243E7
1.76047646E7
1.7755983E7
1.76492832E7
1.77177984E7
1.77391851E7
1.78289621E7
1.78230039E7
1.76263039E7
1.79180271E7
1.77284255E7
1.78257807E7
1.76351557E7
1.79264069E7
***
21013.5
8171035.3
1.61141808E7
1.62768546E7
1.63356412E7
1.63101224E7
1.6461412E7
1.64351515E7
1.64106332E7
1.6763908E7
1.65335961E7
1.65010106E7
1.6438406E7
1.66798712E7
1.65421246E7
1.65001164E7
1.65855734E7
1.66791933E7
1.7410329E7
1.75767468E7
1.74972842E7
1.75277057E7
1.74435971E7
1.7528966E7
1.76493068E7
1.76324262E7
1.75698221E7
1.75641025E7
1.77650844E7
1.76673416E7
1.7676992E7
1.76957525E7
1.76881889E7
1.78692186E7
1.76507751E7
1.77895549E7
1.7762584E7
1.77890555E7
1.78242468E7
1.78319923E7
***
20920.1
8199390.9
1.60968287E7
1.63310627E7
1.63814218E7
1.63278608E7
1.64300456E7
1.64817493E7
1.63540412E7
1.65210245E7
1.65858182E7
1.64489006E7
1.65524319E7
1.655975E7
1.64867294E7
1.65033311E7
1.69946629E7
1.6605477E7
1.7459892E7
1.76865465E7
1.75119751E7
1.79384208E7
1.81646075E7
1.76280318E7
1.76119666E7
1.7488844E7
1.76452178E7
1.75645112E7
1.75941316E7
1.76381049E7
1.78335879E7
1.77843861E7
1.77315784E7
1.78823497E7
1.78088782E7
1.78212802E7
1.78707321E7
1.81187279E7
1.77047318E7
1.78022518E7
***
20375.4
8185351.0
1.613247E7
1.62719018E7
1.64250579E7
1.63047334E7
1.63706869E7
1.63927789E7
1.64040611E7
1.65047418E7
1.66035845E7
1.64524711E7
1.651896E7
1.65117844E7
1.65618548E7
1.66041088E7
1.66090533E7
1.65881603E7
1.74303792E7
1.75651063E7
1.75141807E7
1.74312162E7
1.75518242E7
1.76545655E7
1.76653615E7
1.74742136E7
1.76315258E7
1.92176201E7
1.77502395E7
1.76078674E7
1.76600168E7
1.77021092E7
1.789839E7
1.77963423E7
1.79237273E7
1.7791048E7
1.77644876E7
1.78114154E7
1.77354918E7
1.77897263E7
***
20104.4
8742028.2
1.67943399E7
1.68520445E7
1.69297331E7
1.71332303E7
1.73528151E7
1.71288971E7
1.71373653E7
1.70039915E7
1.72012002E7
1.72087345E7
1.75342695E7
1.71848641E7
1.71426384E7
1.75524984E7
1.72286121E7
1.72578443E7
1.80534868E7
1.82564687E7
1.81701746E7
1.81570461E7
1.81710001E7
1.81823429E7
1.81892748E7
1.81359221E7
1.82314298E7
1.82254508E7
1.8508374E7
1.8283547E7
1.82802566E7
1.82428219E7
1.82874208E7
1.82988607E7
1.84268206E7
1.82545233E7
1.82635974E7
1.83801227E7
1.83226252E7
1.8397646E7
***
20556.1
8786592.1
1.67514913E7
1.68937615E7
1.69860861E7
1.70097007E7
1.7031842E7
1.70976208E7
1.70429376E7
1.71536007E7
1.71293494E7
1.71402557E7
1.72111414E7
1.71565255E7
1.72551233E7
1.72343785E7
1.71269545E7
1.71030129E7
1.8178775E7
1.80982618E7
1.81223514E7
1.82861744E7
1.82186637E7
1.81926638E7
1.82609461E7
1.8316877E7
1.8145571E7
1.8232639E7
1.82104554E7
1.81764991E7
1.81894381E7
1.83403509E7
1.83386391E7
1.82505999E7
1.83030163E7
1.83577277E7
1.8333576E7
1.84977068E7
1.85402004E7
1.83321171E7
***
20260.6
8636725.5
1.69313204E7
1.71984299E7
1.70588686E7
1.6973058E7
1.70802259E7
1.7071062E7
1.71094703E7
1.69984494E7
1.72481524E7
1.70879143E7
1.71691919E7
1.70382332E7
1.7289605E7
1.7145982E7
1.71908157E7
1.72364848E7
1.81834224E7
1.81568837E7
1.81844301E7
1.82339109E7
1.81014144E7
1.81854958E7
1.81477722E7
1.82195755E7
1.83275116E7
1.82722763E7
1.81858002E7
1.83963443E7
1.83218393E7
1.83236064E7
1.83184881E7
1.83685816E7
1.85105828E7
1.84404987E7
1.84719113E7
1.83642947E7
1.84270997E7
1.84047483E7
***
20337.3
8662720.7
1.67820258E7
1.69443583E7
1.68654567E7
1.69827685E7
1.70793112E7
1.78153697E7
1.70484677E7
1.71740465E7
1.71687243E7
1.70476944E7
1.70604584E7
1.71652726E7
1.71782496E7
1.71742712E7
1.71839151E7
1.73130852E7
1.82118499E7
1.82209523E7
1.81931705E7
1.82157474E7
1.818626E7
1.81622202E7
1.81780113E7
1.82078905E7
1.82322706E7
1.83279957E7
1.84461797E7
1.83446498E7
1.83601214E7
1.83195062E7
1.83619708E7
1.84712783E7
1.82114614E7
1.83247708E7
1.83759973E7
1.83223438E7
1.8284042E7
1.82398552E7
***
20048.9
8690560.6
1.67358326E7
1.68823171E7
1.68911586E7
1.70504381E7
1.70325683E7
1.71052969E7
1.71272281E7
1.70968987E7
1.70348211E7
1.69952733E7
1.72184634E7
1.73948216E7
1.72344387E7
1.80053938E7
1.79607046E7
1.76967875E7
1.81073048E7
1.8179141E7
1.80974098E7
1.81841518E7
1.82272948E7
1.81909056E7
1.81309942E7
1.81800149E7
1.83028736E7
1.82910471E7
1.82115473E7
1.83541219E7
1.829544E7
1.81913089E7
1.82743546E7
1.83093811E7
1.83015105E7
1.83940496E7
1.82795703E7
1.84566062E7
1.83446812E7
1.83798585E7
***
20214.9
8680524.0
1.6758173E7
1.68449704E7
1.6934298E7
1.70079009E7
1.69882613E7
1.69818803E7
1.71232675E7
1.70438181E7
1.70395534E7
1.70905202E7
1.71212619E7
1.71777789E7
1.89675284E7
1.72168079E7
1.74077611E7
1.7276941E7
1.80362986E7
1.81722435E7
1.81940473E7
1.81121961E7
1.94972708E7
1.81363974E7
1.82536473E7
1.82245535E7
1.82414155E7
1.83195375E7
1.84690351E7
1.83169058E7
1.82051004E7
1.83122125E7
1.8253809E7
1.8184252E7
1.82698896E7
1.84679954E7
1.83080299E7
1.82467837E7
1.82822575E7
1.83583184E7
***
20208.8
9306552.8
1.73472315E7
1.7964428E7
1.75476193E7
1.75224193E7
1.75782455E7
1.75294678E7
1.75860156E7
1.75836979E7
1.76581927E7
1.78376093E7
1.76301705E7
1.7713539E7
1.77602598E7
1.76839466E7
1.77833894E7
1.77448499E7
1.8655398E7
1.87182325E7
1.87571331E7
1.87149382E7
1.87202199E7
1.87927422E7
1.87151165E7
1.89361091E7
1.8746995E7
1.87568649E7
1.87320293E7
1.90125694E7
1.89806846E7
1.91570728E7
1.8936801E7
1.89164987E7
1.90243892E7
1.88891325E7
1.88430253E7
1.89157064E7
1.8954309E7
1.89290613E7
***
20672.7
9380789.3
1.71902343E7
1.73706702E7
1.74954912E7
1.75305799E7
1.75047281E7
1.76193945E7
1.76792145E7
1.76404049E7
1.76785066E7
1.77109023E7
1.77599824E7
1.76952933E7
1.7832287E7
1.7746592E7
1.77493485E7
1.77809964E7
1.8607987E7
1.86903222E7
1.86597246E7
1.87820524E7
1.88610036E7
1.87807294E7
1.87220623E7
1.88417745E7
1.87840931E7
1.87275241E7
1.87739461E7
1.88122181E7
1.88964467E7
1.90330139E7
1.89497429E7
1.91186031E7
1.89662529E7
1.88855912E7
1.8955376E7
1.88335679E7
1.88339293E7
1.90509973E7
***
19842.1
9300072.4
1.71818769E7
1.73138014E7
1.74001318E7
1.74802916E7
1.75383024E7
1.76076229E7
1.76910867E7
1.76851739E7
1.76651778E7
1.77327935E7
1.76668174E7
1.88171478E7
1.77372361E7
1.76783403E7
1.77641633E7
1.78123831E7
1.86518182E7
1.86280652E7
1.85856604E7
1.86337052E7
1.87031727E7
1.87488746E7
1.87406121E7
1.88313825E7
1.88446516E7
1.87851918E7
1.87944459E7
1.87406855E7
1.89364578E7
1.94840094E7
1.88636344E7
1.88764827E7
1.87788972E7
1.9096198E7
1.88042755E7
1.89069548E7
1.88900295E7
1.89302089E7
***
19876.6
9317400.1
1.71656069E7
1.74731153E7
1.76482537E7
1.75311782E7
1.75593197E7
1.75935998E7
1.77173388E7
1.76058637E7
1.76166639E7
1.78914318E7
1.77970273E7
1.76428573E7
1.7709363E7
1.78993616E7
1.77682839E7
1.78007993E7
1.86941297E7
1.87199918E7
1.87493802E7
1.86615284E7
1.8661577E7
1.86891848E7
1.87409147E7
1.87087874E7
1.87744525E7
1.88158734E7
1.89207907E7
1.89332704E7
1.88243504E7
1.87599909E7
1.874287E7
1.90077215E7
1.89174183E7
1.88178617E7
1.89719242E7
1.89401335E7
1.89262557E7
1.91419554E7
***
20435.0
9283630.2
1.72475569E7
1.73518014E7
1.76158646E7
1.75459431E7
1.75125134E7
1.75740995E7
1.75502114E7
1.76303929E7
1.76301205E7
1.77398209E7
1.76488733E7
1.76399905E7
1.77625656E7
1.77401409E7
1.78048571E7
1.78376956E7
1.8740314E7
1.87677055E7
1.8643711E7
1.87597228E7
1.89894153E7
1.8676979E7
1.88090975E7
1.87217905E7
1.87732979E7
1.88474964E7
1.89658524E7
1.88001658E7
1.88588611E7
1.91500973E7
1.87980801E7
1.8861711E7
1.88703744E7
1.89669387E7
1.92276827E7
1.90640216E7
1.89029196E7
1.91942841E7
***
19540.4
9322104.0
1.71297636E7
1.7486887E7
1.75383473E7
1.74149197E7
1.75594223E7
1.77970634E7
1.77188306E7
1.75652607E7
1.75898776E7
1.77124632E7
1.77635056E7
1.77200696E7
1.76988171E7
1.77287306E7
1.77734171E7
1.79036992E7
1.87210603E7
1.88727023E7
1.89280239E7
1.87066531E7
1.91141206E7
1.87646892E7
1.88062413E7
1.86956254E7
1.88238303E7
1.87124583E7
1.88337484E7
1.87861945E7
1.8832535E7
1.88901828E7
1.88625986E7
1.89320508E7
1.89077546E7
1.89860102E7
1.88257454E7
1.88486096E7
1.89050107E7
1.88847033E7
***
20545.3
9644270.8
1.84468589E7
1.81209836E7
1.83059038E7
1.8222672E7
1.83661842E7
1.86570696E7
1.84784024E7
1.84647717E7
1.84821606E7
1.84763728E7
1.83905487E7
1.85299204E7
1.85526399E7
1.84545E7
1.86226761E7
1.86471988E7
1.95467751E7
1.94672473E7
1.95009914E7
1.9561524E7
1.94297615E7
1.95297188E7
1.96745682E7
1.95823092E7
1.96961696E7
1.95951527E7
1.9750385E7
1.94676898E7
1.95797222E7
1.96975632E7
1.96565815E7
1.95354158E7
1.96364856E7
1.99689724E7
1.96754726E7
1.99295525E7
1.97734358E7
1.97670604E7
***
20118.2
9778436.5
1.78639644E7
1.82478371E7
1.82304644E7
1.82444847E7
1.82665973E7
1.83650549E7
1.84268015E7
1.84818714E7
1.84346717E7
1.83643998E7
1.86247002E7
1.85878806E7
1.84944786E7
1.85297688E7
1.86183957E7
1.85691159E7
1.93942379E7
1.95015196E7
1.96249623E7
1.95496315E7
1.94633894E7
1.95086361E7
1.95709508E7
1.95669802E7
1.97027527E7
1.96189172E7
1.96828091E7
1.94798425E7
1.95759719E7
1.96139079E7
1.96302846E7
1.96276855E7
1.97023988E7
1.96023338E7
1.96791513E7
1.98300926E7
1.97965098E7
1.9662665E7
***
19658.9
9752191.7
1.79476251E7
1.81646243E7
1.82621203E7
1.84453935E7
1.82571034E7
1.83146008E7
1.83596929E7
1.84673553E7
1.84198133E7
1.84323163E7
1.85583538E7
1.85698705E7
1.85757885E7
1.8457754E7
1.86431682E7
1.84746786E7
1.94532764E7
1.94576193E7
1.96026237E7
1.95162917E7
1.95158997E7
1.95705033E7
1.96211298E7
1.9421414E7
1.95399339E7
1.95964834E7
1.95476118E7
1.95384574E7
1.96786972E7
1.96091695E7
1.94944135E7
1.99608081E7
1.99075695E7
1.97141594E7
1.97742205E7
1.96721319E7
1.98329902E7
1.97308299E7
***
20472.5
9722831.2
1.78618701E7
1.80725772E7
1.82534723E7
1.82950134E7
1.82946012E7
1.84184717E7
1.85371476E7
1.8450773E7
1.83578791E7
1.8469636E7
1.87572995E7
1.84071697E7
1.84366944E7
1.8502321E7
1.86695307E7
1.8478554E7
1.94281477E7
1.95417494E7
1.96130207E7
1.96117311E7
1.9517984E7
1.9456307E7
1.96794711E7
1.97084529E7
1.96005614E7
1.96770873E7
1.95769051E7
1.96290416E7
1.96901821E7
1.99398966E7
1.96895822E7
1.95520209E7
1.96158328E7
1.97193872E7
1.9725296E7
1.98938574E7
1.96364689E7
1.99351382E7
***
20863.2
9866770.8
1.79219092E7
1.82706145E7
1.8261531E7
1.82332701E7
1.82680911E7
1.83076028E7
1.83476278E7
1.84811077E7
1.83982119E7
1.85019394E7
1.83637614E7
1.87531117E7
1.8501629E7
1.84825237E7
1.84314638E7
1.8536131E7
1.95166656E7
1.94551241E7
1.96171363E7
1.96196951E7
1.95066995E7
1.94324364E7
1.96952374E7
1.96825333E7
1.96454758E7
1.96219749E7
1.96274748E7
1.96551523E7
1.9781263E7
1.97014098E7
1.970479E7
1.97252755E7
1.97059154E7
1.96984535E7
1.95958734E7
1.99466764E7
1.99482493E7
1.96143114E7
***
19859.9
9764841.1
1.7929188E7
1.81600078E7
1.82575119E7
1.82815828E7
1.83573034E7
1.89399465E7
1.83874559E7
1.84730316E7
1.86534232E7
1.85157734E7
1.85327531E7
1.84964648E7
1.87144688E7
1.84280331E7
1.86856023E7
1.84966987E7
1.94227977E7
1.96084966E7
1.97721978E7
1.95536626E7
1.95210339E7
1.9653246E7
1.95806506E7
1.94901125E7
1.94787005E7
1.95296479E7
1.95975926E7
1.96274307E7
1.96899815E7
1.96255369E7
1.95411509E7
1.97173085E7
1.97663921E7
1.9747093E7
1.99507576E7
1.96544943E7
1.98559809E7
1.99059532E7
***
20891.0
1.05057332E7
1.84671263E7
1.85944241E7
1.88368225E7
1.88314749E7
1.89643652E7
1.89732104E7
1.89935021E7
1.91378919E7
1.89699676E7
1.90425715E7
1.9105353E7
1.90785113E7
1.90770466E7
1.90573698E7
1.90972609E7
1.8992866E7
1.99650662E7
2.00309783E7
2.00657203E7
2.1609759E7
2.00263537E7
2.01893792E7
2.00745979E7
2.02525189E7
2.02981549E7
2.01058E7
2.0077884E7
2.03749274E7
2.01500792E7
2.01926434E7
2.0142408E7
2.03898647E7
2.021097E7
2.03829933E7
2.02379828E7
2.04555358E7
2.04385372E7
2.02081085E7
***
20724.2
1.044311E7
1.83449141E7
1.88138763E7
1.87866377E7
1.87892674E7
1.88553375E7
1.90386093E7
1.8872619E7
1.90556591E7
1.89660433E7
1.89943849E7
1.91784114E7
1.90295206E7
1.90599821E7
1.90815221E7
1.92096379E7
1.91003606E7
2.00508203E7
2.02854822E7
2.00319052E7
2.02300208E7
2.01071444E7
2.00676466E7
2.01114957E7
2.00947157E7
2.0321597E7
2.01464118E7
2.03122634E7
2.01354223E7
2.02412589E7
2.02352388E7
2.03778402E7
2.01246147E7
2.03186772E7
2.03751041E7
2.02355824E7
2.02725612E7
2.03996001E7
2.05163432E7
***
21152.5
1.05102511E7
1.84079458E7
1.89095746E7
1.88772444E7
1.88367263E7
1.88841502E7
1.89896259E7
1.89057787E7
1.94738318E7
1.91500679E7
1.89772271E7
1.92911496E7
1.91835927E7
1.90932374E7
1.89948299E7
1.90601902E7
1.91676232E7
1.99372835E7
1.99638383E7
2.00708089E7
2.00350123E7
2.01679737E7
2.00714549E7
2.01882176E7
2.00765681E7
2.00697559E7
2.05825255E7
2.0294645E7
2.042594E7
2.03829147E7
2.02480931E7
2.01917969E7
2.04092968E7
2.03680171E7
2.03973946E7
2.04470225E7
2.04335652E7
2.01981289E7
2.02303563E7
***
20129.2
1.03854268E7
1.83017881E7
1.86092258E7
1.87238479E7
1.88560751E7
1.8802617E7
1.88661492E7
1.89682541E7
1.9044886E7
1.91360334E7
1.90829405E7
1.89883342E7
1.91445555E7
1.91890415E7
1.91733821E7
1.91585634E7
1.92214294E7
2.00298678E7
2.00357605E7
2.04119399E7
2.04209803E7
2.00531513E7
1.99915968E7
2.01470331E7
2.01771384E7
2.01928636E7
2.0350127E7
2.03768511E7
2.02093158E7
2.0371664E7
2.01603609E7
2.05608978E7
2.03193212E7
2.01760895E7
2.01101964E7
2.0178701E7
2.03282884E7
2.04276057E7
2.02947846E7
***
19945.5
1.03782246E7
1.84882689E7
1.86265202E7
1.87184906E7
1.88282927E7
1.88936612E7
1.89326633E7
1.88416615E7
1.91161839E7
1.90026499E7
1.89943235E7
1.90727824E7
1.91543683E7
1.9108292E7
1.90775594E7
1.91956937E7
1.9165033E7
2.00151681E7
1.99919119E7
2.01655669E7
1.99332164E7
2.01994344E7
1.99897273E7
2.02613097E7
2.03184728E7
2.01179228E7
2.00715246E7
2.0249498E7
2.0279441E7
2.02810601E7
2.03120522E7
2.02581157E7
2.04179682E7
2.0245717E7
2.05359278E7
2.02356678E7
2.0359403E7
2.04971275E7
2.0232837E7
***
20329.3
1.034171E7
1.84128131E7
1.86665895E7
1.88590184E7
1.89214909E7
1.88221994E7
1.89345877E7
1.8965084E7
1.9102595E7
1.89847565E7
1.90516396E7
1.89866419E7
1.91982404E7
1.91395578E7
1.90603386E7
1.91129479E7
1.93261255E7
2.00452366E7
2.00219575E7
2.02389634E7
2.01109835E7
2.02892461E7
2.00372979E7
2.02496033E7
2.02505205E7
2.01563737E7
2.01022019E7
2.03095917E7
2.02481056E7
2.02366703E7
2.02825228E7
2.03142583E7
2.02201559E7
2.02250999E7
2.03409249E7
2.02317467E7
2.03967314E7
2.03068554E7
2.03429752E7
***
22633.5
1.11744335E7
1.88889502E7
1.95004926E7
1.94031266E7
1.93655409E7
1.95111469E7
1.94723043E7
1.97236429E7
1.95928702E7
1.94885024E7
1.96810286E7
1.96153906E7
1.97238933E7
1.9789251E7
1.96461025E7
1.98521518E7
1.99619072E7
2.10650196E7
2.09280786E7
2.0636709E7
2.09928275E7
2.08800455E7
2.43431742E7
2.07661006E7
2.06897865E7
2.05947293E7
2.08587348E7
2.06732386E7
2.08098355E7
2.0788114E7
2.08289558E7
2.09750528E7
2.08915597E7
2.096576E7
2.11033602E7
2.13179052E7
2.10479905E7
2.0944405E7
2.12123981E7
***
20128.6
1.12402912E7
1.8966123E7
1.92458105E7
1.99858343E7
2.24789958E7
1.95454298E7
1.95528806E7
1.97120777E7
1.95349572E7
1.94845356E7
1.95631408E7
1.9524456E7
1.95294349E7
1.96668293E7
1.98433737E7
1.97110135E7
1.98233584E7
2.06437682E7
2.07500691E7
2.0811201E7
2.06546149E7
2.05816016E7
2.05689967E7
2.06574481E7
2.09993658E7
2.07573604E7
2.08001041E7
2.08247538E7
2.11933574E7
2.1000404E7
2.08301523E7
2.0971067E7
2.09835199E7
2.11549592E7
2.12269025E7
2.11254879E7
2.12102635E7
2.09092605E7
2.09875097E7
***
20551.5
1.11843193E7
1.90699932E7
1.92695879E7
1.93822662E7
1.94930456E7
1.9461925E7
1.94548602E7
1.95673649E7
1.9494271E7
1.94951246E7
2.00510218E7
1.97135872E7
1.95454485E7
1.9688309E7
1.97175601E7
1.97136921E7
1.95748205E7
2.07373438E7
2.06783687E7
2.05734886E7
2.07613432E7
2.06666029E7
2.08533568E7
2.05240441E7
2.06938379E7
2.08074604E7
2.06125793E7
2.08872224E7
2.11461166E7
2.12792882E7
2.11509001E7
2.08695534E7
2.08069267E7
2.09994222E7
2.09795382E7
2.1304935E7
2.15430806E7
2.11221466E7
2.08385597E7
***
21282.9
1.10738756E7
1.91574449E7
1.93163696E7
1.94015833E7
1.95792992E7
1.96973894E7
1.97524366E7
2.00115504E7
1.95471784E7
1.93623134E7
1.96309922E7
1.97197864E7
1.95758566E7
1.96720222E7
1.96859974E7
1.96526044E7
1.99040473E7
2.06222638E7
2.07208199E7
2.07200288E7
2.08304168E7
2.06740085E7
2.06516188E7
2.05435444E7
2.06687696E7
2.09382273E7
2.07571001E7
2.07593975E7
2.08412753E7
2.10695485E7
2.09557046E7
2.10305534E7
2.10103721E7
2.09026452E7
2.1164378E7
2.09482882E7
2.09144594E7
2.10368749E7
2.09761442E7
***
20960.2
1.10552587E7
1.90305526E7
1.93181977E7
1.94928555E7
1.9448617E7
2.1062978E7
1.94975808E7
1.94653871E7
1.94963759E7
1.94881982E7
1.96121131E7
1.99563714E7
1.96525642E7
1.97874983E7
1.9774909E7
1.97870763E7
1.99017782E7
2.07991745E7
2.07757455E7
2.07539649E7
2.05709518E7
2.061231E7
2.05899506E7
2.07753026E7
2.08491697E7
2.0605001E7
2.06113651E7
2.08002714E7
2.09729967E7
2.08026974E7
2.10679704E7
2.09179706E7
2.09533232E7
2.10229981E7
2.09981759E7
2.10845208E7
2.11795198E7
2.12997326E7
2.10773639E7
***
20283.2
1.12227435E7
1.91287506E7
1.9302206E7
1.93332169E7
1.94534968E7
1.9592279E7
1.94803839E7
1.94390332E7
1.96316087E7
1.95620807E7
1.97494981E7
1.96460592E7
1.95883413E7
1.96247969E7
1.9744938E7
1.98092195E7
1.98349454E7
2.07406186E7
2.06187712E7
2.06325865E7
2.08286411E7
2.22783956E7
2.16148488E7
2.08563017E7
2.07716954E7
2.10325596E7
2.06572956E7
2.10311842E7
2.08078042E7
2.07846452E7
2.08052316E7
2.08869719E7
2.09697092E7
2.11741586E7
2.09853514E7
2.10849494E7
2.09451013E7
2.1083754E7
2.09957969E7
***
20811.9
1.14578602E7
1.94075035E7
1.9904833E7
1.98685619E7
1.98721891E7
2.03052742E7
2.01768596E7
2.00517244E7
2.01369206E7
2.01891963E7
2.02071601E7
2.00921121E7
2.04285163E7
2.01112731E7
2.02506252E7
2.02112431E7
2.07734616E7
2.15376435E7
2.1418137E7
2.167021E7
2.14812074E7
2.13498687E7
2.14656129E7
2.13718846E7
2.13836922E7
2.14121335E7
2.13056416E7
2.22036145E7
2.16469539E7
2.14681992E7
2.15562404E7
2.20226979E7
2.1805658E7
2.18499617E7
2.17877011E7
2.15648345E7
2.19673093E7
2.17613355E7
2.1776509E7
***
20008.9
1.16288891E7
2.00113228E7
1.98218882E7
1.99863349E7
1.99722646E7
1.993777E7
2.00493013E7
1.99753513E7
1.9983026E7
2.02694881E7
2.00421637E7
2.01275337E7
2.03541128E7
2.02129521E7
2.02984279E7
2.04898698E7
2.02660568E7
2.108226E7
2.12757811E7
2.17618464E7
2.1345963E7
2.12689601E7
2.13105221E7
2.14097161E7
2.14686623E7
2.14548887E7
2.15025622E7
2.13649529E7
2.1562465E7
2.14831297E7
2.16518184E7
2.16475638E7
2.15889751E7
2.15769219E7
2.15561534E7
2.14702119E7
2.17967188E7
2.17816954E7
2.17177365E7
***
19850.2
1.15691349E7
1.94569197E7
1.96612445E7
1.97257198E7
2.03207116E7
2.00124126E7
2.01692106E7
2.01488777E7
1.99824188E7
2.00128198E7
2.00866305E7
2.00826545E7
2.01806905E7
2.02030219E7
2.02592028E7
2.02017238E7
2.05546012E7
2.10722118E7
2.12555319E7
2.14887162E7
2.15020248E7
2.13070458E7
2.15033925E7
2.15215745E7
2.14513811E7
2.13519543E7
2.16872974E7
2.15359045E7
2.13991187E7
2.16799664E7
2.14617996E7
2.17685195E7
2.17622523E7
2.1660893E7
2.17347217E7
2.17776159E7
2.17561932E7
2.21798476E7
2.1795601E7
***
21076.3
1.16770515E7
1.95159014E7
2.01159726E7
1.9905392E7
1.99514905E7
1.99770811E7
1.99518461E7
2.01243957E7
2.03759899E7
2.03858504E7
2.02413985E7
2.0276201E7
2.01910099E7
2.01434589E7
2.02246302E7
2.02702376E7
2.03920645E7
2.12718332E7
2.12158534E7
2.14405103E7
2.12335473E7
2.14157705E7
2.13739823E7
2.1609717E7
2.15227698E7
2.12120967E7
2.13776846E7
2.15218307E7
2.16832968E7
2.14602548E7
2.18385074E7
2.16540452E7
2.16377832E7
2.15041921E7
2.16592142E7
2.17603045E7
2.19391558E7
2.17879022E7
2.17165963E7
***
19815.4
1.16336599E7
1.96065029E7
1.9810637E7
1.98564258E7
2.00698574E7
1.99960828E7
1.99881094E7
2.00916244E7
2.005595E7
2.00119222E7
2.04896107E7
2.02603865E7
2.0225874E7
2.01692482E7
2.03576866E7
2.03504865E7
2.04252471E7
2.14977787E7
2.13370921E7
2.12125902E7
2.15298975E7
2.14213934E7
2.14741782E7
2.14317845E7
2.16269806E7
2.17954095E7
2.17840136E7
2.18498554E7
2.19218741E7
2.19253627E7
2.21354064E7
2.14962059E7
2.15726789E7
2.17652124E7
2.14987824E7
2.16006731E7
2.15087676E7
2.19212641E7
2.17248354E7
***
20418.3
1.16959342E7
1.94977429E7
2.01715554E7
2.0033292E7
2.17833685E7
1.9968056E7
1.99916854E7
2.00252276E7
2.0325615E7
2.02812371E7
2.01474256E7
2.01629153E7
2.01043251E7
2.04399519E7
2.05524571E7
2.02944932E7
2.02310449E7
2.13576642E7
2.12571411E7
2.12898509E7
2.12476634E7
2.14153685E7
2.16259621E7
2.1417523E7
2.11984207E7
2.14350425E7
2.1432469E7
2.1348568E7
2.16399048E7
2.15458492E7
2.17191562E7
2.15718385E7
2.19725711E7
2.17217622E7
2.14585035E7
2.16462087E7
2.1538351E7
2.15775153E7
2.16746233E7
***
19724.4
1.23303046E7
2.03395059E7
2.07561995E7
2.06536687E7
2.07986713E7
2.07396264E7
2.08429123E7
2.08405461E7
2.11280694E7
2.11054889E7
2.10373542E7
2.09962481E7
2.10843957E7
2.11082478E7
2.11121942E7
2.11370924E7
2.10189396E7
2.18930944E7
2.20770125E7
2.21745462E7
2.22411208E7
2.22998969E7
2.21705026E7
2.22678733E7
2.23119375E7
2.23741505E7
2.25415846E7
2.24478262E7
2.25209342E7
2.33640586E7
2.22979691E7
2.25645484E7
2.21475043E7
2.22309243E7
2.34219285E7
2.24221194E7
2.23133893E7
2.25568082E7
2.23528365E7
***
24210.6
1.25651544E7
2.01735815E7
2.03813002E7
2.07990157E7
2.11422406E7
2.07556714E7
2.07658755E7
2.07686278E7
2.09782396E7
2.09447408E7
2.09007321E7
2.09921472E7
2.10967401E7
2.10347194E7
2.12104967E7
2.12373624E7
2.109309E7
2.19963632E7
2.20318599E7
2.197362E7
2.20011598E7
2.34085844E7
2.20414847E7
2.22419994E7
2.22899735E7
2.219271E7
2.21904794E7
2.23172345E7
2.22106019E7
2.26015372E7
2.22848815E7
2.21927264E7
2.27625121E7
2.24970028E7
2.23821657E7
2.25409413E7
2.41278288E7
2.39907388E7
2.26855454E7
***
21089.0
1.49858282E7
2.01196E7
2.05800184E7
2.11452992E7
2.11374881E7
2.09090463E7
2.07334735E7
2.07429551E7
2.09307851E7
2.07996852E7
2.09417516E7
2.10219239E7
2.13863142E7
2.13045394E7
2.09854849E7
2.09882857E7
2.09738346E7
2.2017201E7
2.24622236E7
2.22232174E7
2.24045575E7
2.26336659E7
2.22541397E7
2.20868762E7
2.2140367E7
2.20617155E7
2.23172531E7
2.20927447E7
2.36975878E7
2.24746405E7
2.28257298E7
2.23396806E7
2.22151224E7
2.22503429E7
2.2518548E7
2.26145874E7
2.35670268E7
2.22923708E7
2.37525117E7
***
20641.5
1.21849513E7
2.01136584E7
2.0422443E7
2.07923496E7
2.07481113E7
2.07519489E7
2.13056176E7
2.07636762E7
2.08482846E7
2.1166274E7
2.10662954E7
2.10594541E7
2.13154601E7
2.09474785E7
2.08562497E7
2.09885794E7
2.10324238E7
2.18838258E7
2.22323363E7
2.24183873E7
2.2191262E7
2.20986137E7
2.23190691E7
2.21836991E7
2.22401483E7
2.27237971E7
2.22850697E7
2.22252873E7
2.21150648E7
2.26487782E7
2.23688002E7
2.23459904E7
2.2332507E7
2.23874228E7
2.22336143E7
2.25574463E7
2.27750242E7
2.27665771E7
2.44394866E7
***
20855.5
1.24024416E7
2.05080847E7
2.07202086E7
2.06622229E7
2.05970806E7
2.11715076E7
2.12266886E7
2.10106348E7
2.12440383E7
2.1512308E7
2.10750264E7
2.08316642E7
2.13070169E7
2.0951101E7
2.11635015E7
2.12088905E7
2.09263802E7
2.22782908E7
2.20790044E7
2.19365864E7
2.23410417E7
2.22848912E7
2.19858812E7
2.22522093E7
2.2441161E7
2.23912582E7
2.22437447E7
2.25927875E7
2.24801586E7
2.27993957E7
2.45104051E7
2.22227272E7
2.22276043E7
2.22921586E7
2.23336508E7
2.25008157E7
2.24003046E7
2.33541538E7
2.24495961E7
***
20869.2
1.23921275E7
2.03689685E7
2.05651713E7
2.06291141E7
2.0709268E7
2.07708438E7
2.09182224E7
2.10592184E7
2.11083432E7
2.1462363E7
2.11171115E7
2.13043709E7
2.14504024E7
2.11771042E7
2.17390807E7
2.11712288E7
2.10054262E7
2.19615455E7
2.20041269E7
2.22121034E7
2.21876361E7
2.20989541E7
2.21886703E7
2.27185342E7
2.24107974E7
2.21461957E7
2.22405907E7
2.22149739E7
2.27592776E7
2.21173539E7
2.25487111E7
2.23024448E7
2.27364957E7
2.3829468E7
2.24755915E7
2.23277597E7
2.25941425E7
2.3697387E7
2.26864031E7
***
20322.6
1.27716536E7
2.10649525E7
2.23533285E7
2.25570918E7
2.28660002E7
2.30787353E7
2.29177184E7
2.28909984E7
2.28176487E7
2.2888803E7
2.30048412E7
2.31117064E7
2.31910768E7
2.35637583E7
2.33855899E7
2.35058456E7
2.33949679E7
2.42191095E7
2.41794163E7
2.40366104E7
2.40629883E7
2.41994467E7
2.40595285E7
2.47775344E7
2.42088451E7
2.41196142E7
2.43134036E7
2.42362067E7
2.43374329E7
2.45278821E7
2.429164E7
2.45163651E7
2.41732331E7
2.42816855E7
2.46163908E7
2.53859782E7
2.50710578E7
2.48751127E7
2.44475527E7
***
20514.3
1.27374469E7
2.08499523E7
2.23160802E7
2.25096622E7
2.26015653E7
2.28497488E7
2.28045831E7
2.27268204E7
2.36785756E7
2.27928848E7
2.29135089E7
2.33955206E7
2.32768053E7
2.32720168E7
2.34427879E7
2.31136914E7
2.29146729E7
2.40829737E7
2.43092485E7
2.49148024E7
2.4327899E7
2.44821703E7
2.40504086E7
2.43114219E7
2.40244261E7
2.44188338E7
2.42912664E7
2.4173343E7
2.45522699E7
2.45494035E7
2.45942563E7
2.45950324E7
2.4412392E7
2.43701444E7
2.45158231E7
2.45613788E7
2.4429019E7
2.4334067E7
2.44266264E7
***
146661.9
1.30352796E7
2.10533171E7
2.25136984E7
2.29033373E7
2.27693072E7
2.28536694E7
2.28963507E7
2.31222012E7
2.3108111E7
2.31450453E7
2.29311187E7
2.287213E7
2.31201665E7
2.33055363E7
2.33799544E7
2.29951749E7
2.31726691E7
2.39280905E7
2.40207103E7
2.41498495E7
2.42748006E7
2.43122494E7
2.42784257E7
2.44314519E7
2.42385146E7
2.44214348E7
2.43094389E7
2.41054565E7
2.4215519E7
2.43512233E7
2.43959496E7
2.45423773E7
2.42315496E7
2.44284807E7
2.44909876E7
2.42393779E7
2.45765302E7
2.42762231E7
2.47320604E7
***
21758.5
1.27833192E7
2.08243574E7
2.2434576E7
2.25007889E7
2.26492636E7
2.27235486E7
2.26675402E7
2.29038096E7
2.28271652E7
2.32083488E7
2.30430285E7
2.32233527E7
2.37371785E7
2.33055514E7
2.30288977E7
2.30590769E7
2.3205248E7
2.40602059E7
2.3979185E7
2.40565815E7
2.4111126E7
2.40012289E7
2.41163856E7
2.4085782E7
2.43214094E7
2.45765384E7
2.43325705E7
2.42809074E7
2.41545491E7
2.45463735E7
2.45337233E7
2.43236833E7
2.44401106E7
2.43169781E7
2.46117913E7
2.4324312E7
2.45019109E7
2.43279459E7
2.43105103E7
***
22122.6
1.27338923E7
2.09892224E7
2.27804848E7
2.27350153E7
2.28251931E7
2.28164069E7
2.27876912E7
2.28856034E7
2.29657628E7
2.34427411E7
2.27600201E7
2.31372057E7
2.33017642E7
2.2862138E7
2.30195958E7
2.31023824E7
2.37044451E7
2.44325253E7
2.42984351E7
2.41226639E7
2.41982523E7
2.41982991E7
2.4130242E7
2.40542328E7
2.39928723E7
2.43077489E7
2.46396421E7
2.44558708E7
2.43868247E7
2.43371999E7
2.4306401E7
2.46183704E7
2.43984202E7
2.43819066E7
2.43724149E7
2.42585126E7
2.45822831E7
2.43814474E7
2.45808401E7
***
21901.5
1.29371292E7
2.09875661E7
2.25698079E7
2.27105945E7
2.28786094E7
2.28008858E7
2.28523207E7
2.27317146E7
2.28292375E7
2.28755763E7
2.31627167E7
2.30402184E7
2.2893298E7
2.2917989E7
2.31421997E7
2.30146511E7
2.29857786E7
2.39010701E7
2.41073394E7
2.40564142E7
2.40362518E7
2.40131279E7
2.39763604E7
2.40552594E7
2.41681641E7
2.44135482E7
2.44776049E7
2.41052736E7
2.44974039E7
2.41662788E7
2.43177732E7
2.42262322E7
2.54175284E7
2.48641267E7
2.50036709E7
2.44446826E7
2.41864893E7
2.46988887E7
2.44211173E7
***
21826.0
1.35548438E7
2.32588846E7
2.1464761E7
2.13020939E7
2.17877806E7
2.2354596E7
2.25499073E7
2.27522547E7
2.24941725E7
2.26381172E7
2.26781375E7
2.28982929E7
2.29950067E7
2.27434989E7
2.32384189E7
2.31565866E7
2.31777327E7
2.26572368E7
2.26752192E7
2.28216911E7
2.2884856E7
2.3063381E7
2.54036592E7
2.30901714E7
2.29819455E7
2.3020281E7
2.30263395E7
2.2896168E7
2.30147362E7
2.33696143E7
2.35330751E7
2.32236559E7
2.58475917E7
3.13653923E7
2.41905862E7
2.36446665E7
2.33780789E7
2.41058857E7
2.39242329E7
***
20301.2
1.33768024E7
2.30424315E7
2.14618784E7
2.12503355E7
2.17510644E7
2.26469279E7
2.28034493E7
2.27696947E7
2.249919E7
2.26872068E7
2.32697883E7
2.32941127E7
2.3093682E7
2.27771387E7
2.277231E7
2.27015776E7
2.29394127E7
2.27291257E7
2.26946373E7
2.28861692E7
2.29409888E7
2.28886422E7
2.31257508E7
2.32547337E7
2.30556546E7
2.30149181E7
2.2796814E7
2.31823931E7
2.29604537E7
2.31815388E7
2.32607389E7
2.34926944E7
2.33304738E7
2.35431394E7
2.38237121E7
2.37659501E7
2.3332022E7
2.31789797E7
2.3493419E7
***
20158.7
1.46978006E7
2.32186659E7
2.15204735E7
2.13813863E7
2.16314825E7
2.28068218E7
2.24628736E7
2.24974202E7
2.2499187E7
2.26325694E7
2.28187733E7
2.30610913E7
2.30398434E7
2.24927951E7
2.28067049E7
2.2725856E7
2.26736635E7
2.28014264E7
2.32122681E7
2.31962222E7
2.30129786E7
2.28296481E7
2.27635348E7
2.28548701E7
2.30137899E7
2.288394E7
2.29843498E7
2.3065273E7
2.3111666E7
2.34237417E7
2.31874148E7
2.31026662E7
2.29232566E7
2.35299696E7
2.33140013E7
2.33414647E7
2.34577799E7
2.29938859E7
2.32905075E7
***
19868.1
1.36980906E7
2.28936567E7
2.11524809E7
2.19384658E7
2.18184929E7
2.22609423E7
2.24133837E7
2.78156955E7
2.28546479E7
2.29704931E7
2.27068136E7
2.25259664E7
2.27133207E7
2.25861475E7
2.27568662E7
2.25450561E7
2.2871679E7
2.27147257E7
2.28303513E7
2.32214931E7
2.36346558E7
2.28433565E7
2.29778937E7
2.31097419E7
2.31781048E7
2.29813744E7
2.33200202E7
2.34100071E7
2.30116221E7
2.28661861E7
2.30946709E7
2.33721113E7
2.3472479E7
2.38468278E7
2.37573104E7
2.38035758E7
2.29895602E7
2.32219063E7
2.33755416E7
***
21215.4
1.68830674E7
2.28942655E7
2.13308997E7
2.13451074E7
2.13891646E7
2.26188004E7
2.27935319E7
2.24490557E7
2.27508848E7
2.27686437E7
2.25244869E7
2.26258025E7
2.28216101E7
2.28081636E7
2.29005166E7
2.27165223E7
2.25835024E7
2.28840721E7
2.29109786E7
2.27013801E7
2.3092107E7
2.30459626E7
2.31731044E7
2.3274526E7
2.28751842E7
2.27944468E7
2.33385581E7
2.33226926E7
2.32122918E7
2.31642941E7
2.31236985E7
2.33217826E7
2.35446534E7
2.38583359E7
2.39568615E7
2.34096854E7
2.31413534E7
2.33562715E7
2.31530557E7
***
21098.2
1.34834093E7
2.31837822E7
2.13277116E7
2.14282838E7
2.13828702E7
2.23520786E7
2.27770154E7
2.28637534E7
2.30235589E7
2.31416746E7
2.32318429E7
2.3045637E7
2.30243915E7
2.29369224E7
2.26540235E7
2.27793763E7
2.26593607E7
2.26609664E7
2.27325947E7
2.30107789E7
2.28258279E7
2.31489392E7
2.30243086E7
2.29667273E7
2.34178751E7
2.29034985E7
2.28833543E7
2.32074467E7
2.34033388E7
2.36136004E7
2.35002342E7
2.30446095E7
2.32219528E7
2.31083962E7
2.29075973E7
2.29739817E7
2.32952374E7
2.39132625E7
2.36419028E7
***
20257.1
1.47581603E7
2.16603524E7
2.15238255E7
2.32695365E7
2.23622074E7
2.30779597E7
2.31614914E7
2.31399863E7
2.33229771E7
2.38569944E7
2.33990386E7
2.42204432E7
2.38587039E7
2.37101992E7
2.34653531E7
2.34890035E7
2.37442206E7
2.32547664E7
2.38316832E7
2.34794312E7
2.34518209E7
2.35053856E7
2.3570308E7
2.34465509E7
2.372448E7
2.39312876E7
2.37262903E7
2.34633837E7
2.36780547E7
2.36420466E7
2.34350364E7
2.3614527E7
2.36210031E7
2.36996658E7
2.40089155E7
2.43698074E7
2.46219221E7
2.45684319E7
2.3887611E7
***
21446.6
1.4665571E7
2.14798016E7
2.1978579E7
2.25539827E7
2.30235244E7
2.36344049E7
2.37212326E7
2.35963014E7
2.36677651E7
2.34959127E7
2.33254996E7
2.32577962E7
2.32665257E7
2.3214543E7
2.3493776E7
2.33915848E7
2.343153E7
2.36254132E7
2.40620917E7
2.40840349E7
2.35602737E7
2.34572853E7
2.37719965E7
2.38442155E7
2.41252311E7
2.42477766E7
2.40882986E7
2.3849746E7
2.35433136E7
2.3717561E7
2.38541838E7
2.46281612E7
2.45564092E7
2.34527398E7
2.36569208E7
2.36180195E7
2.35983309E7
2.41093407E7
2.37166687E7
***
21768.5
1.46580089E7
2.14363016E7
2.26507704E7
2.1814044E7
2.18965494E7
2.32590061E7
2.34861788E7
2.29535658E7
2.35136241E7
2.42039481E7
2.36732541E7
2.33670779E7
2.32289486E7
2.36540272E7
2.39708506E7
2.41315719E7
2.31860627E7
2.3420378E7
2.33428835E7
2.36969436E7
2.37823042E7
2.34996373E7
2.37873071E7
2.35174305E7
2.37532177E7
2.40393834E7
2.38187606E7
2.35351653E7
2.35949069E7
2.37481255E7
2.39938326E7
2.36398175E7
2.39880956E7
2.42273088E7
2.39824702E7
2.41716124E7
2.39673236E7
2.38889923E7
2.42141074E7
***
21149.1
1.50950463E7
2.21231363E7
2.18043732E7
2.23638056E7
2.24705166E7
2.29157021E7
2.29481433E7
2.33042519E7
2.36626909E7
2.36154105E7
2.32077076E7
2.32214225E7
2.32563794E7
2.34276891E7
2.31939295E7
2.32150972E7
2.37267613E7
2.32083829E7
2.3393449E7
2.35212089E7
2.3594285E7
2.35855653E7
2.38793662E7
2.36816098E7
2.35818318E7
2.38345319E7
2.4270313E7
2.35279705E7
2.38157895E7
2.3951963E7
2.41105793E7
2.44893965E7
2.44437535E7
2.44661833E7
2.36079828E7
2.38521138E7
2.41524442E7
2.43399166E7
2.4759926E7
***
21834.3
1.50528768E7
2.1776555E7
2.24946121E7
2.19156093E7
2.2148573E7
2.35150519E7
2.35255943E7
2.30660823E7
2.30647935E7
2.34407621E7
2.37959295E7
2.29933722E7
2.35817746E7
2.34465092E7
2.35732786E7
2.34618511E7
2.32961116E7
2.32589928E7
2.35214998E7
2.33526032E7
2.35402968E7
2.35389378E7
2.35017228E7
2.34172988E7
2.37100256E7
2.39580519E7
2.36325796E7
2.36780565E7
2.38241612E7
2.41931092E7
2.43562292E7
2.37896799E7
2.39600246E7
2.38382223E7
2.37451215E7
2.36988197E7
2.37957215E7
2.35918252E7
2.37217884E7
***
21191.1
1.48204148E7
2.1339438E7
2.19687823E7
2.24377725E7
2.20101264E7
2.29885534E7
2.34540369E7
2.34363863E7
2.36808341E7
2.37150555E7
2.35317256E7
2.31583003E7
2.32524058E7
2.32856505E7
2.31473637E7
2.3207372E7
2.33747033E7
2.38067721E7
2.33937643E7
2.34341071E7
2.35104534E7
2.36458872E7
2.37351597E7
2.38074936E7
2.4232104E7
2.37767078E7
2.34820432E7
2.39856626E7
2.34577657E7
2.37538369E7
2.34441001E7
2.36659452E7
2.35784024E7
2.35912761E7
2.38240723E7
2.41367231E7
2.37956962E7
2.36709295E7
2.41537195E7
***
21475.5
1.53296914E7
2.20222964E7
2.27276077E7
2.30025182E7
2.26043318E7
2.35218915E7
2.38294921E7
2.41749552E7
2.43599047E7
2.36538386E7
2.40933204E7
2.39009509E7
2.38666966E7
2.38374863E7
2.39513698E7
2.3889431E7
2.39731744E7
2.39085051E7
2.40835127E7
2.40902107E7
2.39986038E7
2.44951683E7
2.42230816E7
2.4079088E7
2.45561909E7
2.48586692E7
2.43477893E7
2.46770544E7
2.47285212E7
2.47305406E7
2.47158451E7
2.46062167E7
2.43943776E7
2.49609014E7
2.43716717E7
2.41487421E7
2.45498696E7
2.50808392E7
2.45030904E7
***
22232.6
1.41290741E7
2.19702664E7
2.26023524E7
2.23160314E7
2.28818131E7
2.36739079E7
2.4208909E7
2.43221019E7
2.36303566E7
2.37092782E7
2.36877335E7
2.40452347E7
2.41207199E7
2.43355103E7
2.43773716E7
2.46826022E7
2.45266646E7
2.43873796E7
2.44433756E7
2.45179462E7
2.41900781E7
2.40120511E7
2.41316984E7
2.44746018E7
2.43914665E7
2.41166699E7
2.40554983E7
2.41747304E7
2.407734E7
2.44537292E7
2.45741082E7
2.42370593E7
2.44153003E7
2.48438444E7
2.50959952E7
2.52927195E7
2.53967612E7
2.72990776E7
2.46641136E7
***
22111.9
1.50674546E7
2.20258087E7
2.22411873E7
2.23042965E7
2.24652637E7
2.34020659E7
2.36856169E7
2.39076438E7
2.4087905E7
2.37245578E7
2.37000503E7
2.37679091E7
2.40548794E7
2.37963631E7
2.38432274E7
2.39328288E7
2.43059635E7
2.45290313E7
2.46737519E7
2.42037299E7
2.40322196E7
2.41229088E7
2.40754884E7
2.41457939E7
2.41895854E7
2.41949455E7
2.43134143E7
2.41385153E7
2.42321685E7
2.42449365E7
2.44455814E7
2.49812503E7
2.42792388E7
2.42468758E7
2.4715699E7
2.48475929E7
2.49522155E7
2.43696285E7
2.51165693E7
***
22497.9
1.55834818E7
2.22124248E7
2.31928712E7
2.25294067E7
2.26668702E7
2.42521364E7
2.35797191E7
2.37397732E7
2.43953057E7
2.36334213E7
2.36537174E7
2.40392741E7
2.49055967E7
2.45173099E7
2.37987632E7
2.39051504E7
2.3834368E7
2.39615607E7
2.41943029E7
2.43609935E7
2.45230332E7
2.45524791E7
2.43671168E7
2.42642345E7
2.40265767E7
2.4185933E7
2.44638645E7
2.42525904E7
2.45152439E7
2.42663431E7
2.42483081E7
2.44374873E7
2.4267876E7
2.44975576E7
2.41475697E7
2.46894803E7
2.52798466E7
2.4412882E7
2.46351582E7
***
22534.9
1.55086688E7
2.18971457E7
2.24709262E7
2.29829328E7
2.24897696E7
2.35291887E7
2.43534466E7
2.44062575E7
2.40128537E7
2.3786848E7
2.36418296E7
2.38718583E7
2.38617648E7
2.40080965E7
2.41087182E7
2.45593493E7
2.45040607E7
2.44932228E7
2.38958425E7
2.41929902E7
2.41369689E7
2.43404923E7
2.41606434E7
2.41053736E7
2.40436647E7
2.41741716E7
2.40662564E7
2.4130919E7
2.43313229E7
2.47514528E7
2.43474961E7
2.4253645E7
2.4276807E7
2.47173915E7
2.66071132E7
2.42125776E7
2.42496714E7
2.44915911E7
2.50047112E7
***
21760.6
1.57710252E7
2.19677698E7
2.2177472E7
2.23323068E7
2.25070204E7
2.36011363E7
2.39346317E7
2.40616122E7
2.38416327E7
2.43123368E7
2.44595781E7
2.389689E7
2.3948566E7
2.38606443E7
2.38930149E7
2.3762438E7
2.3939477E7
2.37513903E7
2.39669803E7
2.41199102E7
2.41432608E7
2.41879035E7
2.43452175E7
2.45265009E7
2.40742963E7
2.43099719E7
2.44015987E7
2.43826376E7
2.42260877E7
2.43460201E7
2.44583332E7
2.45398023E7
2.44667277E7
2.43810317E7
2.41236081E7
2.44721539E7
2.44199797E7
2.45686944E7
2.48971491E7
***
21103.9
1.50917919E7
2.24052605E7
2.28981707E7
2.31323844E7
2.35000599E7
2.48046765E7
2.50413065E7
2.50983816E7
2.49987278E7
2.50782877E7
2.47247496E7
2.45259047E7
2.43297711E7
2.44618633E7
2.46383042E7
2.49557375E7
2.4729472E7
2.50058595E7
2.52827604E7
2.54191431E7
2.55410179E7
2.56657154E7
2.55150524E7
2.53592629E7
2.53355984E7
2.50060423E7
2.48328977E7
2.47534736E7
2.46597285E7
2.49096792E7
2.51772379E7
2.61174631E7
2.53559624E7
2.48422372E7
2.49473454E7
2.5765713E7
2.57693988E7
2.59620465E7
2.57972576E7
***
20057.2
1.46832876E7
2.25196804E7
2.29817378E7
2.34051085E7
2.31110633E7
2.41583369E7
2.40721025E7
2.69251804E7
2.43367107E7
2.45851569E7
2.49513255E7
2.51576469E7
2.52132565E7
2.46382105E7
2.43211447E7
2.45382396E7
2.44608988E7
2.45762712E7
2.44778394E7
2.48858998E7
2.46700142E7
2.45893157E7
2.46536348E7
2.49093225E7
2.48903586E7
2.48918268E7
2.52322839E7
2.48775295E7
2.48607883E7
2.69687212E7
2.49600525E7
2.47699738E7
2.50485173E7
2.52441612E7
2.48368903E7
2.49916903E7
2.56568879E7
2.64531876E7
2.59418655E7
***
20416.0
1.52874722E7
2.32318754E7
2.37273193E7
2.40020681E7
2.44564409E7
2.47274635E7
2.42612493E7
2.48883587E7
2.44478634E7
2.44852101E7
2.49979856E7
2.43282226E7
2.46475465E7
2.51926795E7
2.52949671E7
2.44500257E7
2.53364549E7
2.47002127E7
2.53629163E7
2.56899242E7
2.5202922E7
2.47238676E7
2.47438787E7
2.48610902E7
2.92177871E7
2.48559501E7
2.48262516E7
2.47368095E7
2.4715483E7
2.50786508E7
2.55210314E7
2.49743097E7
2.50451329E7
2.5139129E7
2.51666202E7
2.50157497E7
2.50140306E7
2.51111006E7
2.60225727E7
***
21172.2
1.53475584E7
2.26318486E7
2.36605103E7
2.35979457E7
2.39509719E7
2.40141525E7
2.49876968E7
2.48543743E7
2.51499354E7
2.44688283E7
2.46093227E7
2.50534605E7
2.45182129E7
2.50131479E7
2.53000307E7
2.43851446E7
2.50619493E7
2.53607999E7
2.44675995E7
2.48099174E7
2.5048081E7
2.59692001E7
2.47010133E7
2.46735862E7
2.47346481E7
2.51101707E7
2.49611573E7
2.53952422E7
2.54857494E7
2.52686793E7
2.51907607E7
2.53063777E7
2.52623922E7
2.48111927E7
2.48845447E7
2.49391724E7
2.53044617E7
2.51975913E7
2.48599778E7
***
20236.0
1.4811342E7
2.27011193E7
2.35518177E7
2.41884647E7
2.30542799E7
2.43380615E7
2.49622438E7
2.43545745E7
2.46021601E7
2.51763724E7
2.44989581E7
2.4620254E7
2.50508024E7
2.45910572E7
2.43785493E7
2.48521875E7
2.53759445E7
2.44141676E7
2.44070736E7
2.45405126E7
2.46045685E7
2.50949616E7
2.5248511E7
2.51194568E7
2.56369885E7
2.55438465E7
2.53092108E7
2.51094837E7
2.49678409E7
2.48514651E7
2.4808885E7
2.47396463E7
2.49491391E7
2.51633015E7
2.48763051E7
2.51951941E7
2.53440271E7
2.50572527E7
2.50996097E7
***
21095.5
1.51706875E7
2.33375295E7
2.36900482E7
2.37322734E7
2.37779472E7
2.45326688E7
2.45718588E7
2.43983305E7
2.43125321E7
2.4267586E7
2.53013044E7
2.44002662E7
2.43584766E7
2.48334852E7
2.43341877E7
2.44243435E7
2.45898334E7
2.47873301E7
2.46877996E7
2.45002106E7
2.45121286E7
2.48744793E7
2.5126713E7
2.51021848E7
2.47824674E7
2.46742752E7
2.54365341E7
2.47230346E7
2.49717585E7
2.53824201E7
2.50511856E7
2.49691683E7
2.70779484E7
2.47415185E7
2.48283456E7
2.48237729E7
2.58396735E7
2.60049035E7
2.53250483E7
***
21296.3
1.53627707E7
2.29905711E7
2.3870578E7
2.42467175E7
2.4459586E7
2.55949291E7
2.62141823E7
2.57103915E7
2.5381695E7
2.53851417E7
2.50368522E7
2.52220446E7
2.49816721E7
2.5254314E7
2.53440982E7
2.53363132E7
2.55602244E7
2.55234546E7
2.55690742E7
2.59355688E7
2.56283962E7
2.56739608E7
2.5342027E7
2.53086126E7
2.54878251E7
2.60926927E7
2.58608976E7
2.56203073E7
2.60119568E7
2.56359197E7
2.56553153E7
2.55896931E7
2.55012604E7
2.55622891E7
2.54875684E7
2.55727276E7
2.62176644E7
2.62303132E7
2.57702682E7
***
22827.0
1.6164343E7
2.42254553E7
2.41133072E7
2.39479265E7
2.37806744E7
2.48359745E7
2.51851329E7
2.48557254E7
2.50585323E7
2.52000682E7
2.56448139E7
2.56207694E7
2.59274022E7
2.61160724E7
2.53716828E7
2.52812347E7
2.51824285E7
2.52352451E7
2.51254173E7
2.53447811E7
2.55937392E7
2.62049704E7
2.5897255E7
2.55091206E7
2.55486948E7
2.58033675E7
2.58823836E7
2.58352304E7
2.56739957E7
2.56994025E7
2.5802834E7
2.55908327E7
2.57057638E7
2.55561491E7
2.7968942E7
2.57393747E7
2.57262905E7
2.59674632E7
2.59439293E7
***
22090.8
1.55817911E7
2.29871857E7
2.34709085E7
2.36185458E7
2.46620888E7
2.5204452E7
2.51455965E7
2.48152515E7
2.49665963E7
2.54630274E7
2.5715923E7
2.58981895E7
2.60510959E7
2.61653949E7
2.60985081E7
2.5951969E7
2.59856086E7
2.57652581E7
2.56724944E7
2.5397426E7
2.53754517E7
2.5320955E7
2.57713844E7
2.55143419E7
2.55011741E7
2.54762807E7
2.55573416E7
2.58178069E7
2.65693757E7
2.64157495E7
2.62518908E7
2.61886623E7
2.57283065E7
2.61907152E7
2.61987075E7
2.57072987E7
2.60324872E7
2.5452395E7
2.57872165E7
***
22385.7
1.53739845E7
2.31264928E7
2.36237811E7
2.38470587E7
2.38748917E7
2.50538586E7
2.4960096E7
2.55299497E7
2.57090724E7
2.60773592E7
2.58627919E7
2.53107417E7
2.55799535E7
2.50116051E7
2.52834108E7
2.51684036E7
2.55047195E7
2.56138834E7
2.56886042E7
2.5632987E7
2.58383041E7
2.62009215E7
2.54536414E7
2.54455108E7
2.54373949E7
2.55365627E7
2.57635549E7
2.56441831E7
2.56198215E7
2.59671687E7
2.60897359E7
2.56866742E7
2.61153237E7
2.59716484E7
2.63319515E7
2.67710254E7
2.63324729E7
2.55554213E7
2.56960217E7
***
21843.8
1.53800872E7
2.30181058E7
2.37604416E7
2.40152451E7
2.45338403E7
2.49964031E7
2.49361469E7
2.48873264E7
2.50044137E7
2.50527296E7
2.52667057E7
2.5577274E7
2.49782728E7
2.50656704E7
2.51184662E7
2.51054649E7
2.60916482E7
2.56085373E7
2.53006471E7
2.54766086E7
2.56355667E7
2.58066895E7
2.57167623E7
2.57884581E7
2.57832555E7
2.58796135E7
2.57015033E7
2.54526719E7
2.55202595E7
2.5602652E7
2.59004348E7
2.62057279E7
2.56387495E7
2.59124177E7
2.57328727E7
2.5776969E7
2.65573543E7
2.68219466E7
2.6760245E7
***
22807.1
1.61352855E7
2.29607209E7
2.3436617E7
2.41194321E7
2.42501459E7
2.54358679E7
2.52934037E7
2.48769246E7
2.50153972E7
2.53450497E7
2.51185001E7
2.51140776E7
2.52210233E7
2.5383302E7
2.53752339E7
2.53166153E7
2.54359931E7
2.5082638E7
2.50825634E7
2.53842008E7
2.5468233E7
2.54477035E7
2.54526013E7
2.54090149E7
2.57770454E7
2.63115513E7
2.60517794E7
2.56071331E7
2.54992962E7
2.58688295E7
2.68356503E7
2.6560081E7
2.67767839E7
2.64454913E7
2.64755979E7
2.62662266E7
2.5800297E7
2.55949674E7
2.56006171E7
***
23692.3
1.59524244E7
2.38382615E7
2.45827619E7
2.4834445E7
2.46754666E7
2.62058833E7
2.65622267E7
2.68330945E7
2.59509951E7
2.58169524E7
2.59379386E7
2.66092207E7
2.66436614E7
2.70924197E7
2.65377022E7
2.57815117E7
2.60846356E7
2.60537378E7
2.63961E7
2.69523582E7
2.69957067E7
2.69008399E7
2.70051662E7
2.69009125E7
2.61187157E7
2.6191557E7
2.60581212E7
2.61749192E7
2.63569983E7
2.64408695E7
2.64438121E7
2.62582768E7
2.62889241E7
2.63236308E7
2.66610548E7
2.68736455E7
2.69767566E7
2.67311835E7
2.80623525E7
***
24242.2
1.9465792E7
2.36207218E7
2.41876562E7
2.4436463E7
2.46479616E7
2.56521716E7
2.57445235E7
2.59945845E7
2.58884302E7
2.58388024E7
2.59605057E7
2.63135891E7
2.57879503E7
2.58706523E7
2.62105377E7
2.62637926E7
2.64688645E7
2.68011129E7
2.65885549E7
2.66826001E7
2.67587688E7
2.63908137E7
2.63572306E7
2.62453978E7
2.64623474E7
2.66395443E7
2.65903762E7
2.61610867E7
2.63979295E7
2.6571209E7
2.64705166E7
2.64988685E7
2.63188412E7
2.7298549E7
2.75236296E7
2.76258153E7
2.65666537E7
2.66420389E7
2.70911946E7
***
22006.9
1.62208358E7
2.42513515E7
2.51609634E7
2.57855837E7
2.52776004E7
2.59448712E7
2.57411744E7
2.57534053E7
2.66198202E7
2.59565939E7
2.58302387E7
2.5848762E7
2.60087426E7
2.63016791E7
2.60713598E7
2.63168695E7
2.65581598E7
2.69775164E7
2.68776202E7
2.6747599E7
2.65073989E7
2.64690375E7
2.61165242E7
2.60065325E7
2.65224922E7
2.65326457E7
2.63820769E7
2.61994532E7
2.6435225E7
2.64860014E7
2.64680037E7
2.64936793E7
2.68801511E7
2.64878749E7
2.63588327E7
2.63303657E7
2.66940197E7
2.64680769E7
2.75403108E7
***
23185.5
1.65688207E7
2.36655884E7
2.44483093E7
2.50817797E7
2.53701932E7
2.5879289E7
2.54443385E7
2.57935978E7
2.57319858E7
2.56960492E7
2.58000365E7
2.6016386E7
2.61436078E7
2.64260277E7
2.60930625E7
2.58955054E7
2.61985337E7
2.60812554E7
2.64117122E7
2.66590898E7
2.62612285E7
2.62219572E7
2.62318904E7
2.90095689E7
2.66007879E7
2.6531013E7
2.61905624E7
2.62078757E7
2.64983205E7
2.68201778E7
2.63358914E7
2.66381368E7
2.65656483E7
2.63637955E7
2.63449802E7
2.64077571E7
2.6245851E7
2.6473939E7
2.65033015E7
***
21608.7
1.59929807E7
2.35681082E7
2.45855517E7
2.47557787E7
2.46948761E7
2.54612249E7
2.5805782E7
2.58474758E7
2.56337808E7
2.57321501E7
2.57892943E7
2.5779522E7
2.5840961E7
2.60515541E7
2.59793304E7
2.62071168E7
2.60765106E7
2.59540656E7
2.57777345E7
3.22435825E7
2.60985876E7
2.63690188E7
2.59791371E7
2.62494349E7
2.648979E7
2.62285557E7
2.61141459E7
2.66681419E7
2.70149624E7
2.7459495E7
2.71528541E7
2.76342768E7
2.77129289E7
2.72428211E7
2.65552384E7
2.65543247E7
2.67019665E7
2.71923115E7
2.68451139E7
***
22169.9
1.67920549E7
2.3876075E7
2.41389641E7
2.45633972E7
2.49230919E7
2.55995828E7
2.54792272E7
2.57581389E7
2.59657641E7
2.57621923E7
2.5828428E7
2.59198592E7
2.58972033E7
2.63768784E7
2.68298772E7
3.03403775E7
2.6077514E7
2.60287524E7
2.60519272E7
2.60200264E7
2.59855232E7
2.69279128E7
2.63411153E7
2.70425586E7
2.6471266E7
2.60778026E7
2.62384618E7
2.64551659E7
2.66865938E7
2.6327328E7
2.64220601E7
2.63007491E7
2.63491639E7
2.62180785E7
2.66314645E7
2.67649824E7
2.65713764E7
2.66399641E7
2.62826462E7
***
21944.0
1.63686577E7
2.43841234E7
2.51112001E7
2.4921836E7
2.51886316E7
2.59363678E7
2.65129221E7
2.61463354E7
2.61545834E7
2.66412342E7
2.62690275E7
2.64714489E7
2.62799149E7
2.64374456E7
2.65455394E7
2.65230277E7
2.65252626E7
2.63134434E7
2.66948929E7
2.69996111E7
2.66849022E7
2.7072767E7
2.66658334E7
2.65108794E7
2.7090891E7
2.68325199E7
2.66729138E7
2.67485933E7
2.72204422E7
2.6697641E7
2.70659156E7
2.75732791E7
2.7158464E7
2.69358747E7
2.69527074E7
2.69733745E7
2.68552417E7
2.7755543E7
2.72043069E7
***
25144.6
1.68079727E7
2.4367196E7
2.47762442E7
2.53010344E7
2.51707918E7
2.64108046E7
2.64859315E7
2.62351396E7
3.17586881E7
2.61938621E7
2.64012466E7
2.66439425E7
2.7081763E7
2.67429029E7
2.64287498E7
2.69210219E7
2.67912921E7
2.67943389E7
2.67401158E7
2.67127492E7
2.68616504E7
2.66145625E7
2.68822254E7
2.75233218E7
2.69895943E7
2.65391555E7
2.66674142E7
2.68515618E7
2.6758808E7
2.69511502E7
2.72459628E7
2.70148427E7
2.71874609E7
2.6952466E7
2.69284448E7
2.69216069E7
2.77517489E7
2.77957753E7
2.80837406E7
***
21869.9
1.76718156E7
2.44575573E7
2.50368328E7
2.50204625E7
2.51707402E7
2.61008774E7
2.60707593E7
2.64298209E7
2.70882777E7
2.64241165E7
2.66680728E7
2.67962203E7
2.68888912E7
2.6524725E7
2.65041948E7
2.67285282E7
2.6736711E7
2.72005018E7
3.03378138E7
2.66827397E7
2.65284198E7
2.6887902E7
2.69412057E7
2.71661104E7
2.6706372E7
2.67660031E7
2.67879344E7
2.68556335E7
2.70078999E7
2.72112123E7
2.68664332E7
2.71742027E7
2.7102662E7
2.68659197E7
2.69406714E7
2.68345107E7
2.71577916E7
2.70314806E7
2.71081785E7
***
23698.7
1.6741173E7
2.45656897E7
2.50296896E7
2.60016684E7
2.56975775E7
2.60662981E7
2.62130935E7
2.64696035E7
2.63263014E7
2.65092763E7
2.62808889E7
2.64472261E7
2.63585166E7
2.65986723E7
2.68345661E7
2.64816746E7
2.65928004E7
2.73168259E7
2.68843044E7
2.71620092E7
2.68477743E7
2.66445746E7
2.68448113E7
2.7143662E7
2.65481296E7
2.71473443E7
2.69279623E7
2.67858341E7
2.68925015E7
2.73603534E7
2.69747193E7
2.70520948E7
2.68143067E7
2.75315452E7
2.8001355E7
2.78242857E7
2.79457439E7
2.83998754E7
2.85964193E7
***
21559.6
1.7353355E7
2.43627516E7
2.48500352E7
2.48319237E7
2.51749483E7
2.6155286E7
2.62176089E7
2.61276049E7
2.61688987E7
2.62952797E7
2.67370229E7
2.71704502E7
2.62420504E7
2.64721869E7
2.66876528E7
2.62609335E7
2.68134567E7
2.6436247E7
2.65918733E7
2.68036218E7
2.74046075E7
2.70855599E7
2.70813775E7
2.67564779E7
2.66680976E7
2.70830441E7
2.70733554E7
2.67587221E7
2.71613788E7
2.67366305E7
2.69984981E7
2.71223338E7
2.67644046E7
2.7118124E7
2.73586575E7
2.69115796E7
2.77677584E7
2.70829237E7
2.70875475E7
***
21790.5
1.68293113E7
2.42339884E7
2.53241709E7
2.54070489E7
2.4860423E7
2.61360243E7
2.64363236E7
2.7485756E7
2.62839763E7
2.62607677E7
2.6362013E7
2.65533193E7
2.64158304E7
2.65770847E7
2.63136739E7
2.68294039E7
2.71069721E7
2.65850143E7
2.69184007E7
2.75183948E7
2.68935396E7
2.65981755E7
2.6698732E7
2.70512903E7
2.68274269E7
2.68528164E7
2.71687186E7
2.67332642E7
2.72264957E7
2.72062375E7
2.69083964E7
2.71480625E7
2.72299879E7
2.71185933E7
2.83064303E7
2.73835806E7
2.6943462E7
2.73159922E7
2.77871113E7
***
21912.6
1.73606766E7
2.48411311E7
2.5505695E7
2.57156994E7
2.57458667E7
2.69265793E7
2.7208389E7
2.75511368E7
2.6869737E7
2.72617117E7
2.74877324E7
2.70948038E7
2.7165594E7
2.7562462E7
2.76627097E7
2.73065964E7
2.73406119E7
2.75608963E7
2.74357993E7
2.7438578E7
2.77128937E7
2.75486136E7
2.74415219E7
2.76922951E7
2.73996923E7
2.75830556E7
2.78726783E7
2.77532972E7
2.74906438E7
2.76282418E7
2.82281803E7
2.79377864E7
2.891846E7
2.83285419E7
2.8184341E7
2.76773106E7
2.77673958E7
2.78698858E7
2.85858105E7
***
21837.3
1.70932737E7
2.56555329E7
2.64154141E7
2.6738697E7
2.74986857E7
2.79247122E7
2.76720206E7
2.75067682E7
2.72667297E7
2.79477102E7
2.70571314E7
2.76481242E7
2.75059599E7
2.72806121E7
2.75864537E7
2.72806097E7
2.74901063E7
2.74543497E7
2.79508665E7
2.75134339E7
2.83086256E7
2.76504098E7
2.77387097E7
2.78118847E7
2.76314639E7
2.79257209E7
2.7461013E7
2.85438568E7
2.75027936E7
2.82797863E7
2.77715514E7
2.79107554E7
2.86373678E7
2.77957702E7
2.77882682E7
2.76921768E7
2.76330935E7
2.82140992E7
2.78235206E7
***
23220.2
1.72383795E7
2.50319311E7
2.59389989E7
2.62249248E7
2.57003552E7
2.69471738E7
2.68254047E7
2.70866899E7
2.74722113E7
2.81438285E7
2.78812193E7
2.73958057E7
2.73568732E7
2.73945293E7
2.93986837E7
2.77004738E7
2.73076805E7
2.73287222E7
2.72293107E7
2.73437433E7
2.77360921E7
2.77543689E7
2.72604772E7
2.74251859E7
2.7344759E7
2.77433503E7
2.84134868E7
2.83257222E7
2.78859492E7
2.77402589E7
2.76392295E7
2.75309538E7
2.76217069E7
2.79499919E7
2.77860965E7
2.77344864E7
2.8104188E7
2.7730954E7
2.776802E7
***
22067.4
1.71522091E7
2.47934413E7
2.52790446E7
2.58551057E7
2.61313142E7
2.67638239E7
2.71132023E7
2.74482511E7
2.71376625E7
2.76983689E7
2.8064476E7
2.8324374E7
2.8499993E7
2.7332552E7
2.73983581E7
2.78663562E7
2.72095577E7
2.71943644E7
2.72700062E7
2.71574171E7
2.72407781E7
2.73839372E7
2.73206318E7
2.73533378E7
2.78061935E7
2.78371393E7
2.74941872E7
2.7629062E7
2.75858164E7
2.7581266E7
2.75796795E7
2.76466124E7
2.77899878E7
2.7857286E7
2.74755208E7
2.79608751E7
2.83318772E7
2.7560904E7
2.75976193E7
***
23843.5
1.69411285E7
2.48783433E7
2.56217968E7
2.63411935E7
2.67375603E7
2.80006868E7
2.79447415E7
2.79786004E7
2.76546349E7
2.73794323E7
2.75217525E7
2.71424106E7
2.7139819E7
2.74848426E7
2.7110477E7
2.72437978E7
2.76493216E7
2.73266656E7
2.73821588E7
2.72388698E7
2.78199474E7
2.72546986E7
2.74259758E7
2.73462939E7
2.7545881E7
2.78043891E7
2.74897645E7
2.76296013E7
2.75128742E7
2.76459295E7
2.74283282E7
2.7515201E7
2.80698257E7
2.76976717E7
2.75522848E7
2.78358152E7
2.78334659E7
2.80422633E7
2.78182506E7
***
23295.5
1.76786452E7
2.59713176E7
2.64724958E7
2.74123306E7
2.6938488E7
2.78274135E7
2.71621856E7
2.69602465E7
2.68712408E7
2.72658855E7
2.75804655E7
2.75044032E7
2.75892239E7
2.75020164E7
2.71871484E7
2.71623202E7
2.72622138E7
2.71706135E7
2.7500017E7
2.7512114E7
2.77998042E7
2.75147509E7
2.74370546E7
2.75881727E7
2.78586525E7
2.75835077E7
2.75133549E7
2.73539505E7
2.76124345E7
2.75056586E7
2.76817458E7
2.84738985E7
2.79299581E7
2.7525025E7
2.75972035E7
3.66827818E7
2.81226256E7
2.7564705E7
2.785807E7
***
