1097
2154
3208
4302
5400
6498
7594
8684
9780
10766
12017
13072
14173
15267
16159
17452
18644
19393
20743
21561
22941
23715
24949
26221
27238
28400
29508
30612
31064
32681
33733
34989
36092
37226
37833
39372
40464
41563
42665
43357
44820
45919
47007
48121
49202
50317
51393
52518
53595
54741
***
1098
2154
3207
4303
5397
6447
7526
8613
9787
10882
11840
13016
13940
15262
16160
17458
18536
19673
20471
21658
22639
24021
24790
26220
26948
28412
29108
30469
31696
32481
33887
34985
36125
37010
38072
39377
40450
40980
42648
43747
44842
45942
46381
48121
49203
50320
50305
52542
53278
54700
***
1097
2156
3209
4288
5404
6449
7590
8605
9686
10895
11845
13073
14172
15268
16365
17451
18313
19636
20746
21838
22941
24036
24793
26224
27326
28045
29489
30592
31680
32356
33870
34790
36078
37181
38133
39116
39903
41537
42085
43761
44852
45939
47037
48137
49236
50099
51405
51815
53615
54685
***
1097
2153
3249
4318
5368
6446
7525
8566
9784
10883
11975
13073
14165
15249
16360
17448
18546
19642
20470
21871
22631
23715
25110
26212
27324
28409
29501
30608
31707
32795
33880
34979
36070
37028
37741
39361
40509
41438
42444
43748
44841
45308
47068
47461
49216
50318
50919
52494
53595
54698
***
1098
2156
3211
4351
5405
6460
7594
8684
9784
10882
11977
13071
14171
15110
16360
17464
18320
19691
20742
21711
22974
24018
25130
26235
27319
28403
29501
30586
31701
32801
33882
34994
35916
36669
38273
39380
40475
41558
42651
43149
44851
45956
47041
47461
48546
50198
51403
52550
53611
54698
***
1102
2153
3208
4308
5367
6453
7529
8606
9685
10762
11842
12928
14009
15262
16415
17458
18523
19650
20456
21842
22830
24031
24634
26227
27321
28406
29496
30612
31705
32805
33889
35029
36089
37175
38281
39379
40491
41617
42079
43466
44847
45943
46898
47984
49214
50307
51393
52518
52882
54733
***
1098
2157
3209
4308
5403
6509
7537
8605
9637
10953
11850
13071
14166
15079
16161
17286
18553
19642
20515
21825
22939
24026
24795
26233
27324
28385
29515
30610
31664
32771
33890
34987
36142
36679
38270
39380
39945
41581
42658
43142
44843
45931
47044
48128
48203
49634
51403
52527
53594
54741
***
1099
2149
3208
4308
5403
6444
7588
8686
9770
10762
11973
12922
14170
15263
16367
17243
18334
19641
20737
21555
22637
23711
24798
26217
27317
28409
29358
30594
31687
32787
33884
34955
35962
37223
38270
39376
40464
41565
42665
43731
44845
45934
47043
48035
49215
50302
51426
52511
53615
53934
***
1097
2156
3209
4288
5403
6504
7528
8689
9781
10881
11972
13074
14325
15435
16352
17454
18538
19679
20733
21831
22628
24016
25130
26211
26952
28033
29500
29990
31694
32347
33764
34973
36092
37183
38315
38845
40448
41559
42656
43734
44832
45930
47036
48141
48554
50323
51420
52503
53170
54326
***
1099
2152
3207
4308
5366
6477
7591
8688
9686
10878
11975
13068
14172
15088
16364
17435
18352
19548
20745
21530
22927
24004
25121
26219
27213
28411
29492
30652
31695
32797
33879
34978
35588
36685
37793
38821
39909
41571
42209
43740
44232
45935
47083
48179
49232
50328
51422
51426
53631
54709
***
2098
4152
6208
8304
10399
12471
14528
16685
18780
20879
22972
25065
27169
29085
31359
33244
35534
37646
39515
41555
43936
46001
48128
50162
52330
54030
56498
58608
60717
62380
64822
66992
69220
71298
72890
75416
77474
79538
81638
83762
85368
87946
90047
92156
94232
96295
98421
100437
102623
103941
***
2100
4221
6283
8306
10400
12521
14595
16569
18789
20764
22850
24924
27167
29278
31236
33454
35551
37616
39783
41584
43936
46023
48168
50227
52323
54261
56509
58607
60695
62820
64900
66984
69096
71173
73280
74813
77370
79557
81149
83765
85929
87306
90106
92148
94256
95818
98440
99772
102597
104768
***
2124
4154
6207
8321
10368
12498
14525
16688
18786
20764
22978
24996
27079
29231
31162
33322
35596
37645
39744
41839
43923
45934
47952
49952
52371
54115
56160
58613
60706
62798
64899
66998
68957
70676
73286
75374
77245
79009
81673
83431
85841
87947
90053
92054
94270
96462
98426
100534
102639
104009
***
2099
4152
6208
8344
10441
12474
14637
16606
18761
20883
22975
25035
27165
29260
31319
33465
35357
37721
39479
41833
43703
46142
48120
50032
51963
53867
56505
58185
60705
62790
64832
66997
68847
71140
73280
75270
77460
79657
81645
83748
85759
87933
89405
91537
94226
96332
98427
100518
102610
104635
***
2099
4155
6209
8309
10410
12483
14526
16691
18782
20888
22922
25076
27177
29262
31358
33238
35543
37668
39734
41552
43924
45714
48126
49949
52324
54417
56514
58599
60699
62779
64893
67545
69080
71287
73311
74824
77482
79670
81721
83693
85222
87958
89979
92156
94352
96342
98409
99783
102624
104731
***
3098
6155
9210
12281
15400
18497
21612
24684
27761
30881
33836
37068
40001
43260
46351
49456
52320
55651
58790
61656
64716
67787
71121
73958
77346
80411
83521
86615
89759
92219
95900
98604
102103
104437
108285
111350
114493
117561
120677
123759
126228
129933
133050
136135
139242
142351
145442
148541
151589
154728
***
3126
6161
9235
12307
15402
18496
21594
24606
27784
30876
33974
37061
40163
43260
46149
49238
52549
55442
58701
61882
64936
67714
71134
73679
77028
80380
83528
86616
89725
92802
95903
98997
101669
105156
108249
111543
113979
117583
120789
123868
126872
129957
133096
136158
139237
142352
145186
148376
151618
154717
***
3101
6171
9211
12308
15404
18495
21606
24688
27785
30877
33975
37084
40149
43265
46362
49458
52575
55649
58741
61847
64535
67743
70871
73886
77237
79913
83177
86195
89744
92835
95431
99005
102085
105179
108276
111378
113903
116983
120061
123704
126867
130009
133077
136151
139244
141711
145490
147797
150862
154715
***
3098
6154
9211
12289
15401
18502
21600
24612
27684
30881
34028
37071
40008
43299
46361
49232
52326
55654
58637
61822
65058
68030
71129
74223
77330
80526
83481
86658
89704
92432
95912
98971
102094
105179
108276
111377
114473
117559
120064
123687
126860
129519
133048
136142
138619
142358
145421
148556
151618
154740
***
3099
6155
9252
12304
15432
18448
21703
24690
27787
30882
33921
37005
40001
43080
46403
49452
52551
55402
58750
61807
64937
67938
71127
74347
77329
80409
83519
86619
89588
92810
95896
99028
102098
105182
108281
111502
114480
116984
120660
123755
126837
129938
133067
136135
139221
142324
145461
147780
151677
154726
***
4101
8154
12234
16290
20440
24494
28605
32692
36787
40879
44973
49070
53000
57270
61163
65541
69558
73646
77740
81848
86026
90034
94131
98269
102204
106417
110507
114596
118715
122783
126777
131041
134863
139183
143321
147389
151144
155565
159672
163783
167830
171952
176087
180133
183621
187684
192005
196142
199548
204704
***
4100
8154
12212
16281
20403
24497
28529
32691
36796
40879
44854
49078
53003
57266
61476
65458
69834
73280
77510
81845
85939
89623
93869
98221
102041
106040
110507
114562
118708
122804
126418
130989
135206
139179
143303
147345
151484
155585
159660
163492
167874
171315
176038
180221
184350
187794
192437
196541
200649
204734
***
4119
8153
12252
16304
20403
24496
28590
32692
36810
40994
44976
48934
53172
57264
61365
65465
69553
73661
77867
81886
85931
90034
93806
98227
102322
106412
110511
114608
118790
122952
126890
130968
135084
139185
142772
147351
151523
155589
159649
163774
167858
171972
176038
180115
183564
187693
192448
195785
200603
204707
***
4098
8155
12254
16348
20402
24605
28578
32941
36783
40770
44978
49064
53174
57133
61363
65463
69551
73636
77752
81831
85943
90031
93873
98222
102288
106424
110578
114814
118703
122845
126886
131109
135166
139315
143414
146876
151463
155049
159783
163763
167825
171950
176174
179504
184243
188324
192420
196529
200631
204710
***
4135
8163
12215
16307
20385
24502
28601
32608
36787
40996
45020
49071
53164
57272
61348
65578
69675
73605
77556
81850
85645
89792
93874
98162
102237
106421
110624
114261
118711
122801
126446
130948
135088
138745
143278
147375
151480
154996
159080
163283
167854
171942
176060
179151
184296
188343
191785
196527
200640
204736
***
