1107.902
2161.849
3211.995
4293.679
5404.659
6501.185
7597.412
8693.464
9691.395
10775.686
11982.863
13073.332
14010.805
15267.324
16369.666
17417.559
18598.432
19647.154
20478.537
21815.609
22637.427
24030.315
24878.968
26225.47
27250.834
28418.561
29325.948
30601.026
31696.616
32670.601
33898.781
34977.908
35891.388
36680.226
37777.679
39367.178
40467.155
40984.707
42071.297
43684.583
44227.156
45953.749
46398.287
48150.186
49214.512
50306.893
51412.191
51787.932
53590.26
53972.235
***
1104.105
2158.915
3212.776
4309.615
5373.681
6505.087
7600.154
8692.808
9792.075
10887.324
11850.442
12934.202
14336.866
15088.281
16253.373
17461.007
18467.289
19652.359
20749.602
21665.78
22941.885
24027.997
25160.831
26069.563
27325.762
28045.923
29521.116
30607.23
31577.321
32775.624
33424.858
34518.375
35593.676
37077.448
38278.074
39370.829
40459.18
40979.239
42659.498
43147.109
44233.604
44999.272
46386.625
48137.664
48531.334
50314.035
50715.096
51770.86
53606.645
54699.096
***
1100.663
2200.05
3211.912
4322.38
5400.881
6497.853
7528.173
8605.048
9787.68
10772.955
11964.907
12929.9
14089.529
15099.582
16360.997
17462.232
18549.657
19497.97
20777.117
21581.924
22956.011
23726.766
24805.894
26220.725
27332.851
28419.729
29517.713
30475.288
31702.695
32794.56
33435.974
34557.279
36091.754
37187.668
38276.017
39408.25
39904.997
41575.754
42062.311
43682.877
44842.21
45943.348
47047.935
47819.858
49230.251
50310.028
51436.154
51788.225
53601.063
54722.513
***
1104.474
2158.273
3239.005
4308.172
5411.992
6500.025
7596.493
8694.241
9687.435
10890.088
11982.705
12936.43
14007.124
15265.663
16471.722
17244.206
18548.121
19401.72
20773.176
21871.027
22942.417
24040.19
24900.793
26224.045
27163.39
28406.421
29312.644
30604.771
31280.65
32816.177
33205.068
34512.231
35600.399
36679.073
38827.669
39372.88
40551.132
41562.022
42069.798
43751.115
44230.181
45977.825
47043.199
48144.085
48828.376
50006.003
51420.781
52504.62
53613.085
54689.356
***
1104.627
2159.115
3213.423
4345.596
5375.404
6498.74
7602.058
8693.143
9790.749
10890.592
11858.443
12930.364
13932.208
15266.59
16369.248
17143.614
18557.261
19419.401
20738.944
21845.881
22519.958
24051.562
24795.7
26106.463
27314.769
28414.153
29115.601
30193.383
31708.075
32802.889
33431.812
34992.442
36085.364
36675.964
38215.796
39361.094
40482.204
41601.9
42663.44
43739.898
44835.351
45798.694
47047.148
48124.475
49219.245
50333.442
50704.038
52543.237
53622.316
53933.312
***
1103.317
2158.343
3212.483
4314.904
5446.261
6507.167
7571.43
8608.114
9785.752
10881.181
11974.907
12955.121
14164.439
15151.62
16367.977
17242.913
18331.115
19398.994
20108.238
21828.493
22943.86
24069.48
25136.623
26264.33
27229.305
27841.686
29519.755
30310.707
31269.527
32349.213
33890.852
34970.977
35930.744
37181.929
38296.825
39366.831
40438.918
41389.712
42103.263
43144.27
44852.662
45320.301
47053.167
48137.765
49242.103
50339.147
50711.765
52304.407
52857.894
54713.537
***
1103.266
2173.982
3215.05
4315.421
5372.45
6582.224
7520.605
8715.633
9790.208
10890
11848.319
13078.434
14013.774
15273.359
16174.039
17459.809
18540.268
19650.236
20433.669
21921.844
22939.452
23722.363
25164.324
26226.483
27139.026
28034.552
29109.69
30200.803
31703.713
32788.321
33895.505
35022.84
35602.992
37185.553
38282.745
38580.806
39909.689
40708.633
42056.795
43151.735
44853.122
45310.321
47021.075
48147.951
49222.46
50331.63
51431.992
52516.625
53652.01
54687.153
***
1104.414
2158.574
3214.711
4298.984
5373.693
6452.487
7532.265
8741.032
9787.366
10770.174
11979.55
13075.504
14168.665
15268.032
16355.065
17270.84
18536.238
19656.737
20480.226
21563.75
22937.317
23861.136
25124.387
25895.489
27001.831
28033.745
29114.662
30199.297
31462.809
32796.404
33900.056
34987.568
36126.464
36678.304
38278.267
39254.587
39921.082
41577.956
42656.04
43325.015
44827.054
45946.285
47035.323
48147.921
49155.473
50334.893
51339.972
52518.732
53616.877
54736.603
***
1100.723
2159.539
3212.248
4308.292
5372.032
6507.512
7537.281
8703.427
9792.257
10765.458
11983.507
12926.229
14007.888
15263.644
16149.525
17451.453
18601.651
19642.91
20740.38
21696.456
22945.349
23818.573
25111.337
26222.601
27304.438
28408.681
29513.15
30204.767
31270.747
32355.774
33885.568
34993.434
36077
36685.056
37775.784
38826.415
39922.806
41558.492
41787.554
43773.674
44841.744
45949.823
46402.649
48125.156
49197.964
50061.752
51414.108
52257.747
53401.561
54696.321
***
1101.262
2162.292
3212.729
4314.098
5411.521
6453.518
7532.956
8611.931
9691.295
10768.719
11979.953
12960.561
14014.258
15311.996
16367.937
17312.369
18558.357
19724.668
20747.528
21842.917
22690.119
24034.108
24801.534
25881.043
27315.365
28411.979
29506.399
30614.251
31706.428
32582.713
33434.585
35000.288
36062.564
37178.282
38340.077
39357.307
40453.955
41367.971
42661.229
43753.723
44327.666
45465.778
47038.771
48132.287
49222.824
49924.482
51414.704
52013.423
53610.136
54717.497
***
2104.927
4158.065
6215.41
8308.447
10406.241
12510.645
14602.419
16601.239
18690.196
20880.146
22849.332
25075.333
27167.499
29267.234
31167.68
33462.856
35564.461
37649.026
39403.467
41570.377
43640.14
45721.669
47810.564
49919.947
51788.561
54428.406
56513.264
58620.58
60710.365
62806.103
64465.905
66994.225
68590.736
70677.296
72766.159
75475.291
77507.671
79568.906
81073.366
83143.423
85937.526
87953.892
90044.864
91463.542
94252.474
95632.978
98437.867
100517.659
102638.187
103943.006
***
2113.171
4158.406
6216.918
8309.58
10372.668
12502.937
14598.81
16692.605
18789.623
20713.335
22918.815
25077.586
27070.665
29263.546
31326.278
33240.918
35329.523
37651.895
39753.457
41745.81
43941.158
45817.763
48112.612
50226.716
52323.166
54417.588
56514.615
58640.561
60295.326
62802.187
64645.292
66998.533
69033.058
70746.564
73376.811
74920.864
77422.044
79575.27
81638.839
82914.077
85847.381
87937.216
90003.952
91460.028
94264.622
96338.29
98395.885
100540.805
102632.963
103938.398
***
2104.947
4160.325
6213.804
8310.226
10410.413
12504.733
14601.223
16611.93
18889.936
20885.791
22844.53
25120.092
26979.693
29263.581
31356.653
33246.406
35558.903
37603.511
39750.272
41841.824
43560.9
46076.721
48137.842
49890.88
52432.979
54038.297
56194.811
58611.063
60580.472
62891.751
64610.07
66347.223
69113.712
70962.066
73238.885
74920.177
77462.03
79560.039
81626.124
83716.489
85854.179
87051.359
90034.02
92124.631
94241.11
96396.249
97787.375
100539.276
102629.919
104442.834
***
2105.564
4158.012
6215.678
8412.523
10424.962
12451.119
14597.658
16694.825
18770.533
20991.56
22935.498
25186.581
27162.575
29083.778
31362.369
33318.304
35558.359
37649.553
39755.66
41842.706
43643.917
46040.468
48132.167
50231.204
52322.494
54432.724
56525.553
58371.362
60712.335
62727.637
64906.907
67000.074
69030.073
71788.829
73288.753
75408.798
76965.108
79575.816
81093.946
83759.718
85226.279
87944.09
89950.6
92155.52
94219.846
96189.997
98484.066
99785.758
102291.371
104714.146
***
2104.025
4159.243
6216.405
8309.951
10372.818
12431.324
14600.056
16695.85
18770.722
20887.545
22983.902
24934.536
27007.452
29109.966
31361.201
33245.783
35323.797
37471.538
39740.242
41565.837
43941.118
46009.699
48239.255
49941.689
52435.287
54113.927
56590.47
58197.027
60709.132
62803.954
64896.442
66991.905
69103.4
70679.29
73271.902
75384.8
76921.848
78988.608
81071.634
83717.702
85235.031
87963.419
89765.321
92148.115
93555.853
95646.95
97720.315
99795.112
101860.409
104726.047
***
3107.315
6235.286
9213.623
12312.278
15398.295
18632.23
21595.776
24694.288
27792.801
30887.963
34260.752
37077.531
40179.436
43274.16
46167.629
49470.964
52327.488
55434.573
58758.498
61847.972
64943.586
68086.629
71139.015
74226.026
77331.983
80551.658
83526.379
86413.181
89715.178
92826.525
95907.292
99016.051
102123.573
105201.386
108297.425
111393.642
114468.716
117580.651
120697.301
123781.694
126866.439
129961.211
132418.221
136170.003
139259.735
141650.774
144713.18
148541.808
151655.748
153948.325
***
3104.138
6158.471
9215.17
12293.302
15410.58
18543.658
21601.913
24828.315
27788.628
30996.378
33976.741
37077.045
40288.23
43284.454
46368.521
49467.329
52555.176
55408.009
58481.452
61856.139
64952.579
68023.12
71152.726
74195.613
77344.021
80430.921
82971.898
86264.55
88668.531
92795.012
95611.972
99005.815
102096.892
105191.746
108286.974
111392.595
114484.477
117602.956
120664.934
123736.978
126230.69
128991.24
132402.921
136152.094
139270.6
142339.449
145445.369
148557.383
151660.433
154727.342
***
3104.672
6206.191
9219.695
12296.369
15411.573
18477.318
21647.613
24692.524
27789.004
30887.497
33986.709
37007.403
40174.793
43273.604
46371.252
49466.066
52529.895
55659.513
58748.182
61849.514
64943.811
68001.577
71129.908
73966.721
77331.492
80435.583
83125.421
86321.604
89732.596
92797.232
95513.069
98583.291
101987.316
105200.153
108343.978
111492.057
114492.168
117599.563
120341.898
123770.936
126910.476
129936.799
133035.795
135464.085
139004.435
142344.391
145442.715
148489.698
150931.777
154747.842
***
3144.376
6211.33
9322.911
12308.959
15490.768
18504.7
21534.441
24595.932
27789.922
30998.636
33860.066
37078.381
40126.96
43276.661
46240.761
49466.592
52556.359
55695.701
58772.138
61849.68
64942.867
68050.112
71130.695
74236.67
77331.331
80419.658
83560.987
86630.427
89700.687
92808.862
95885.18
98878.62
102099.683
104420.81
108318.066
111371.492
114473.329
117511.197
120072.094
123222.313
126862.968
130084.282
133052.9
136127.74
139233.101
142323.565
145499.203
148309.053
151636.328
154824.78
***
3129.982
6171.258
9245.103
12429.91
15407.744
18498.414
21530.916
24677.803
27789.641
30895.874
34023.295
37078.341
40175.492
43276.548
46169.458
49251.934
52559.266
55659.177
58709.453
61811.265
64935.093
68048.754
70881.999
73963.635
77181.977
80407.302
83206.661
86633.248
89293.641
92724.856
95909.106
98617.387
101601.332
105192.446
108284.493
110618.69
114482.495
117560.636
120659.253
123756.603
125921.704
129957.131
132449.243
136262.038
139261.912
142346.465
145448.702
148548.053
151622.23
153541.291
***
4129.674
8156.87
12213.02
16424.082
20407.601
24563.461
28539.153
32698.325
36792.402
40896.954
44786.08
49004.768
53179.794
57269.131
61368.708
65471.112
69402.339
73344.114
77754.725
81865.217
85951.596
89570.171
94137.05
98219.651
102310.686
106416.079
110536.344
114483.141
118740.272
122809.493
126900.132
130989.894
135091.314
139191.092
143280.844
147381.228
151471.937
155578.08
159667.916
163779.057
167863.188
171959.298
176074.629
180238.836
183619.843
188438.349
192443.453
196531.339
199935.7
204454.155
***
4103.068
8158.131
12302.423
16372.044
20369.37
24499.18
28599.143
32611.289
36692.316
40843.816
44851.521
48997.075
53219.548
57310.273
61124.086
65457.506
69557.925
73491.189
77872.251
81855.949
85934.365
90106.459
93994.689
98219.936
102038.986
106414.105
110497.432
114622.075
118716.14
122778.72
126915.097
131010.392
135088.186
138674.05
143298.154
146896.969
151493.261
155033.276
159155.16
163762.954
167869.19
171395.228
176093.522
179481.519
184326.41
188331.6
191793.93
196560.203
200745.513
204727.417
***
4102.314
8157.807
12212.445
16352.595
20444.043
24502.791
28596.116
32738.501
36741.906
40777.753
44980.429
49073.241
53315.467
57266.585
61169.017
65458.072
69554.843
73495.954
77745.997
81954.368
85555.998
90078.395
93890.084
97921.196
102316.56
106539.254
110522.184
114198.725
118708.274
122819.959
126899.032
130589.873
135108.368
139189.515
142850.462
147366.837
151485.552
155580.112
159706.343
163237.326
167872.212
171402.996
175468.061
179520.126
184159.182
188327.849
192401.91
196504.088
200629.927
204724.332
***
4102.291
8208.864
12212.889
16325.289
20407.2
24547.597
28529.683
32734.293
36691.78
40770.738
44847.647
49083.522
53167.732
57052.415
61239.114
65334.08
69557.945
73647.081
77757.338
81920.974
85637.128
90030.396
93878.686
98228.892
102447.084
106424.726
110515.288
114607.386
118689.929
122804.256
126904.91
131002.566
135096.23
138676.142
143276.873
146827.386
151473
155562.649
159654.346
163330.505
167846.741
171956.712
175400.595
180010.321
183632.034
188351.754
191796.015
195788.405
200633.893
204724.647
***
4152.297
8158.668
12210.323
16309.921
20387.795
24469.942
28663.751
32694.419
36797.82
40880.345
44976.695
49066.53
53173.765
57083.88
61241.539
65534.842
69555.776
73651.484
77746.355
81639.777
85940.027
90027.03
94098.286
97749.221
102451.301
106544.801
110584.49
114616.322
118837.252
122735.933
126939.698
131008.059
135154.93
138759.329
143295.107
147373.145
151485.07
155575.607
159671.06
162860.074
167311.198
171952.835
176045.928
180142.513
184218.283
188342.355
192483.606
197218.992
200631.518
204699.946
***
4102.82
8157.459
12211.135
16308.159
20410.102
24622.107
28541.082
32801.474
36802.499
40883.194
45087.985
49078.812
53173.873
57310.062
61367.082
65450.279
69545.441
73643.427
77747.605
81851.593
85645.948
90047.761
93708.144
98347.96
102316.279
106421.244
110528.825
113989.712
118710.622
122801.206
126818.19
130611.921
134676.177
139163.237
142750.168
147390.156
151462.881
155559.765
159075.256
163796.041
167831.683
171585.978
176044.069
180156.641
184246.07
188339.438
192441.208
195861.519
200619.705
204722.105
***
4119.538
8157.456
12216.121
16431.259
20404.487
24526.606
28593.929
32693.624
36766.345
40886.55
44932.425
49078.127
53172.821
57276.746
61401.512
65538.144
69560.927
73651.962
77742.975
81846.512
85939.519
90140.546
94136.837
98348.142
101831.529
106418.016
110539.452
114520.591
118307.571
122806.248
126906.527
130646.77
135092.479
139192.043
143322.292
146595.571
151455.67
155574.812
159653.61
163788.924
167864.837
171958.727
176049.426
180147.415
183723.34
188319.707
192460.512
196540.202
199512.876
203559.409
***
4102.687
8156.97
12211.99
16382.346
20405.491
24500.288
28593.024
32683.362
36912.024
40887.231
45026.495
49010.025
53207.173
57091.092
61376.273
65571.429
69548.137
73653.4
77694.05
81848.396
85657.941
90156.399
94170.307
98247.395
102359.479
106417.485
110558.974
114609.255
118700.581
122804.284
126909.339
130992.769
135084.338
138678.492
142735.09
147363.553
151455.046
155596.017
159077.536
163443.92
167861.131
172011.825
176063.777
180148.087
184265.613
188346.034
192436.369
196543.866
200664.536
204021.616
***
4102.69
8157.391
12213.759
16307.069
20402.081
24525.213
28596.853
32697.716
36820.142
40762.856
44982.376
49005.261
53084.436
57319.993
61364.604
65461.605
69231.669
73652.544
77751.595
81834.669
85983.769
90038.066
94126.401
98226.213
102036.565
106455.956
110507.28
114703.016
118711.366
122437.829
126909.591
131125.368
135170.958
139224.514
143275.478
147385.207
150712.601
155577.284
159658.851
163774.221
167835.815
171964.71
176081.315
180142.801
183557.7
188353.25
191755.75
195859.131
200309.865
204704.517
***
4101.785
8213.859
12253.706
16286.333
20371.084
24501.192
28707.497
32681.924
36738.556
40928.975
44979.574
49082.232
53180.228
57272.458
61360.306
65327.109
69548.416
73488.071
77755.619
81866.144
85723.031
89776.179
93872.331
98306.263
102326.129
106420.58
110551.65
114613.647
118352.177
122814.432
126736.775
130516.028
135103.609
138672.281
143282.43
146612.019
150991.117
155549.86
159347.776
163776.421
167867.494
171934.142
176054.264
180198.786
184228.725
188354.791
191785.075
196503.936
199910.648
204778.259
***
5103.842
10164.537
15215.538
20311.021
25408.972
30505.597
35602.373
40699.919
45796.601
50773.296
55929.215
61081.485
66084.186
71091.44
76366.267
81464.035
86565.683
91665.989
96701.649
101844.236
106730.346
111726.183
116804.94
122241.558
127329.368
132427.487
137607.138
142630.752
147728.06
152810.881
157835.718
162867.496
168108.074
173208.925
178292.964
182895.142
188479.878
193692.148
198359.632
203781.085
208876.911
214016.369
219067.532
224274.678
229268.501
234355.472
238795.937
244569.041
249641.898
254687.652
***
5102.93
10211.571
15214.768
20370.621
25523.088
30502.901
35603.138
40699.761
45832.745
51006.138
55981.73
61082.727
66173.45
71275.111
76375.488
81475.542
86558.947
91603.991
96749.918
101924.567
106947.464
111761.224
117131.637
122230.656
127047.144
132461.151
137522.788
142617.755
147740.212
152366.469
157836.109
162531.077
168101.378
173243.527
178284.028
182998.225
188499.421
193586.799
198681.639
203910.169
207978.326
213321.078
219113.434
224266.226
229259.303
233708.715
239596.368
244663.521
249638.826
254722.178
***
5104.309
10159.469
15215.104
20364.597
25407.546
30588.7
35597.738
40618.673
45921.563
50928.88
55783.165
61083.728
66186.146
71087.974
76372.745
81450.006
86560.736
92078.254
96752.461
101856.163
106670.141
112155.132
116881.762
121912.975
127326.219
132099.247
137467.986
142633.787
147835.789
152809.369
158374.126
163017.044
168100.233
172757.89
178259.298
182928.301
188002.179
193591.861
198755.604
203816.307
208857.577
213964.63
218693.663
224144.895
229259.309
234357.892
239573.114
244551.039
249642.941
254738.454
***
5103.69
10159
15215.452
20310.732
25409.014
30505.968
35558.467
40696.167
45691.03
50930.158
55986.265
61182.351
66267.978
71289.092
76374.24
81452.594
86564.277
91663.767
96496.788
101850.397
106812.5
112044.874
117137.999
122275.73
127336.325
132423.471
137192.658
142620.443
147716.394
152848.039
158017.164
163003.095
168113.92
173212.062
177556.617
183390.807
187997.982
193401.777
198792.801
203794.071
208912.562
213016.264
219041.883
224254.547
229189.574
234372.511
239463.243
243869.664
249644.294
254748.978
***
5105.463
10163.184
15217.467
20310.387
25410.142
30453.457
35601.008
40735.997
45791.931
50885.602
55977.482
61078.535
66213.058
71272.434
76374.729
81608.802
86641.387
91661.213
96871.293
101666.846
106948.88
112149.887
117131.479
122226.446
127363.257
132416.708
137119.348
142200.704
147714.798
152189.152
157838.504
163043.56
168109.35
173008.469
177912.372
183387.712
188234.438
193076.581
198709.736
203780.87
208863.483
214012.267
218071.925
223551.598
229249.828
233639.123
239011.55
244655.144
249633.083
254737.692
***
6105.994
12178.693
18217.402
24367.481
30464.871
36619.916
42599.329
48699.378
54842.116
60781.324
67026.563
73089.34
79174.529
85282.513
91357.938
97470.036
103556.735
109663.656
115486.366
121693.628
128040.992
134044.588
140048.076
146092.694
152334.931
158423.596
164451.435
170618.508
176710.004
182819.077
188905.093
195059.985
201100.088
207122.59
213293.813
219445.097
224972.382
231544.675
237738.404
243778.869
249958.444
256119.091
262110.984
268166.583
274252.879
280344.34
286452.101
292514.378
297513.054
304730.848
***
6103.636
12158.06
18239.215
24339.376
30526.774
36481.986
42601.459
48696.744
54918.501
61008.446
66984.912
73198.722
79178.727
85269.937
91377.124
97463.76
103561.445
109658.224
115747.181
121894.268
127952.455
133732.36
139874.623
146234.699
152331.268
158408.135
164519.883
170609.389
176753.244
182813.669
188664.474
195130.356
200988.55
206730.428
212758.22
219393.32
225521.563
231592.79
237684.595
243196.321
249256.876
255941.887
262053.449
267771.277
274272.239
280365.284
286581.401
292570.939
297746.942
304790.906
***
6104.915
12246.221
18215.28
24318.282
30525.912
36580.112
42597.958
48815.656
54917.752
60965.823
67062.245
73083.461
79301.245
85269.26
91244.794
97469.169
103486.567
109657.55
115571.273
121618.359
127991.059
134034.099
140160.025
146288.376
152326.238
158427.805
164523.804
170633.406
176371.838
182455.932
188910.154
195005.204
201100.408
207196.575
212966.631
219360.705
225164.183
231576.986
237669.515
243773.843
249864.824
255968.756
261076.55
267501.514
273292.176
280494.603
286535.582
292543.142
298650.605
304761.784
***
6105.003
12161.932
18218.792
24413.635
30406.729
36619.546
42694.085
48694.697
54802.64
60807.095
66984.41
73168.631
78990.414
85164.208
91257.483
97456.731
103595.017
109654.672
115752.251
121846.368
127940.505
134038.254
140133.375
146298.82
152328.771
158427.329
164148.307
170579.179
176707.479
182810.158
188916.546
194610.101
201095.775
207243.97
212970.219
219386.81
225484.974
231696.014
237689.433
243790.818
249879.314
255419.85
262062.727
268153.868
274261.968
280354.707
286452.214
292344.766
298114.823
304754.765
***
6101.831
12162.345
18213.881
24316.934
30407.693
36455.672
42599.203
48745.9
54796.759
60896.653
67005.672
73082.97
79172.435
85292.652
91363.39
97461.038
103556.128
109767.053
115733.206
121853.88
127958.071
134024.081
140135.619
146249.248
152319.977
158427.364
164587.715
170210.022
176718.487
182828.14
188915.91
194598.479
200675.309
206925.351
213333.722
219406.069
225450.08
231131.084
237674.409
243766.23
249867.046
255976.993
261525.65
267551.246
274393.817
280331.383
285791.856
292551.935
298637.45
304559.598
***
7104.953
14161.45
21214.164
28294.648
35422.503
42501.591
49590.063
56687.913
63795.662
70842.532
78044.844
85093.602
92092.204
99272.513
106420.652
113467.731
120572.262
127659.902
134558.884
141848.876
148942.851
155793.192
163173.654
170227.798
177343.598
184429.078
191528.019
198661.362
205739.575
212766.494
219908.104
227011.8
233424.867
241202.436
248283.43
255397.802
262511.892
269713.48
276679.941
283766.413
290864.677
297982.452
304905.072
312198.669
319289.766
326355.463
333453.261
340526.467
347612.253
354796.458
***
7139.028
14211.744
21216.82
28369.804
35593.576
42588.263
49549.541
56693.365
63692.687
70938.016
77989.833
85121.717
92178.663
99303.339
106245.204
113324.52
120556.882
127657.391
134403.667
141842.649
148650.741
155722.123
163107.919
170240.011
177344.61
184471.083
191380.313
198322.256
205783.386
212807.662
219907.427
226974.715
234220.886
241195.803
248243.302
255379.668
262486.286
269597.558
276799.477
283676.46
290701.869
297986.025
305082.405
312173.61
319252.207
326241.758
333460.082
340574.379
347672.906
354774.566
***
7104.406
14166.9
21218.382
28432.424
35407.926
42530.798
49605.342
56736.132
63797.624
70848.464
77982.496
85081.843
92176.972
99319.877
106381.615
113466.579
120597.596
127652.172
134752.2
141441.272
148949.656
156042.007
162615.954
170239.507
177324.412
184424.048
191531.013
198659.66
205709.095
212812.11
219441.426
226846.935
233777.802
241317.843
248416.475
255393.971
262005.498
269584.42
276689.313
283733.542
290668.624
297982.236
305059.106
312161.445
318640.833
326366.192
333461.483
340543.003
347656.771
354091.638
***
7129.451
14160.631
21266.643
28357.473
35411.274
42504.906
49538.292
56619.159
63791.084
70887.223
77992.884
84967.416
92169.45
99149.161
106374.027
113468.298
120561.237
127656.727
134805.196
141844.1
148942.319
156044.348
163135.109
170268.317
177019.079
184515.686
191528.748
198758.774
205108.119
212901.81
219801.422
227005.471
234097.639
241189.408
248299.67
255456.462
262486.607
269588.299
276656.454
283768.445
290876.981
297970.261
305067.41
312141.762
319268.429
326403.701
333466.958
340550.42
347637.952
354747.932
***
7103.356
14186.946
21214.811
28425.484
35426.419
42582.503
49533.271
56698.926
63797.273
70888.552
78020.804
85081.459
92214.411
99273.701
106170.109
113468.057
120423.384
127486.927
134754.315
141855.715
148947.318
156039.934
162876.254
170241.444
177317.545
184430.982
191345.098
198594.29
205686.582
212824.489
219995.493
226972.064
234094.003
241189.664
248263.765
255485.567
262590.015
269576.259
276690.553
283292.743
290261.311
297965.415
305054.18
312164.825
319247.273
325713.159
333560.484
339865.248
346883.517
354858.088
***
8103.582
16161.267
24386.383
32310.572
40372.956
48526.225
56610.006
64616.771
72794.788
80778.534
88988.682
97197.587
105019.348
113277.564
121377.257
129474.9
137561.489
145662.553
153791.105
161851.534
169956.299
178045.018
186132.954
194242.627
202419.493
210228.429
218520.361
226626.383
234753.985
242144.848
250910.088
258611.382
267103.386
275199.173
283315.629
291405.175
299490.16
307702.42
315680.291
323742.903
331879.716
340009.944
348058.874
356271.44
364053.392
372384.063
380422.782
388675.659
396651.53
404725.709
***
8103.83
16160.114
24256.963
32296.016
40412.806
48454.381
56601.666
64734.032
72791.998
80891.754
88968.824
97082.173
105175.416
113283.26
121172.434
129635.042
137546.839
145657.256
153752.305
161940.314
169709.018
178163.974
186137.519
194228.522
202450.63
210323.072
218509.022
226617.082
234727.008
242811.866
250897.003
258996.319
267086.658
275166.305
283287.215
290929.828
299487.551
307621.781
315177.851
323774.792
331881.716
339672.292
347411.95
356162.502
363652.629
372326.275
380443.48
388542.626
396654.685
404761.106
***
8106.102
16157.205
24215.693
32311.369
40446.822
48503.034
56716.684
64729.168
72795.571
80888.994
89103.385
97083.856
105222.79
113273.875
121385.08
129461.83
137605.268
145410.258
153753.275
161854.303
169938.958
178089.694
185803.124
194225.407
202339.799
210435.6
218528.247
226618.322
234712.537
242152.33
250965.762
258597.215
267109.823
275281.508
283378.845
290919.815
299592.904
307589.075
315726.718
323776.952
331873.429
339975.141
348009.218
356156.909
364251.034
372349.22
380499.765
388649.827
396630.228
404756.144
***
8109.037
16162.668
24255.6
32314.351
40408.212
48545.83
56604.342
64696.174
72691.075
80927.248
88982.23
96932.74
105084.055
113265.594
121201.443
129467.598
137611.044
145663.254
153379.993
161843.772
170076.827
178037.879
186142.378
194356.545
202336.183
210549.864
218510.159
226625.641
234725.64
242805.21
250903.836
258591.915
267230.992
274681.291
283284.051
291355.413
299348.525
307452.329
315684.864
323253.219
331887.456
339976.417
348119.147
355821.043
364252.79
372337.054
380420.915
388545.075
397377.176
404709.512
***
8104.399
16215.748
24214.092
32309.905
40452.101
48501.668
56720.937
64693.794
72691.734
80772.744
88855.231
97201.017
105111.015
113368.94
121491.403
129504.375
137674.576
145584.648
153746.98
161442.689
169728.48
177828.503
186143.067
194351.205
202365.586
210465.271
218512.169
226620.234
234480.819
242443.047
251031.804
259019.531
267139.094
274684.446
283127.59
291388.843
299494.369
306956.948
315671.976
323812.538
331880.137
339970.162
348071.521
356138.739
364238.259
371974.657
380398.406
389065.327
396144.875
404821.182
***