4.472
4.368
4.46
4.273
4.576
4.385
4.482
4.062
4.471
4.298
4.43
4.47
4.139
4.453
4.463
4.413
4.393
4.56
4.448
4.348
4.157
4.4
4.691
4.5
4.498
4.385
4.477
4.591
4.691
4.412
4.462
4.726
4.461
4.403
4.468
4.595
4.465
4.365
4.525
4.327
4.352
4.573
4.816
4.465
4.323
4.656
4.315
4.408
4.468
4.415
***
4.613
4.36
4.22
4.523
4.468
4.465
4.646
4.45
4.428
4.22
4.395
4.35
4.24
4.485
4.556
4.44
4.315
4.333
4.548
4.56
4.438
4.328
4.41
4.52
4.495
4.288
4.195
4.275
4.218
4.21
4.214
4.312
4.194
4.347
4.49
4.109
4.713
4.365
4.351
4.26
4.683
4.59
4.658
4.375
4.28
4.395
4.177
4.588
4.223
4.927
***
4.446
4.523
4.147
4.35
4.375
4.402
4.506
4.283
4.36
4.541
4.59
4.392
4.548
4.733
4.155
4.235
4.538
4.491
4.468
4.653
4.112
4.741
4.493
4.172
4.515
4.483
4.45
4.631
4.463
4.553
4.197
4.255
4.105
4.551
4.407
4.571
4.447
4.13
4.278
4.235
4.576
4.367
4.807
4.325
4.35
4.483
4.435
4.583
4.315
4.63
***
4.32
4.303
4.392
4.478
4.28
4.428
4.471
4.515
4.438
4.436
4.44
4.585
4.661
4.39
4.405
4.289
4.485
4.473
4.433
4.58
4.493
4.368
4.796
4.528
4.305
4.272
4.786
4.48
4.257
4.403
4.122
4.443
4.381
4.555
4.553
4.4
4.37
4.49
4.318
4.598
4.377
4.628
4.601
4.381
4.613
4.615
4.585
12.125
4.31
4.258
***
4.65
4.403
4.32
4.298
4.601
4.322
4.616
4.455
4.415
4.315
4.355
4.809
4.836
4.403
4.363
4.443
4.523
4.208
4.278
4.693
4.208
4.137
4.501
4.862
4.315
4.368
4.275
4.581
4.5
4.273
4.561
4.195
4.317
4.545
4.651
4.162
4.759
4.342
4.538
4.448
3.996
4.415
4.388
4.398
4.385
4.322
4.517
4.553
4.337
4.43
***
4.834
4.343
4.385
4.348
4.487
4.483
4.646
4.523
4.588
4.288
4.426
4.325
4.525
4.619
4.629
4.275
4.553
4.383
4.247
4.573
4.29
4.548
4.362
4.505
4.139
4.187
4.736
4.445
4.521
4.087
4.36
4.37
4.558
4.483
4.343
4.513
4.523
4.465
4.457
4.463
4.455
5.047
4.385
4.478
4.49
4.39
4.31
4.836
4.325
4.495
***
4.496
4.192
4.371
4.56
4.468
4.272
4.315
4.343
4.353
4.655
4.67
4.591
4.808
4.355
4.643
4.413
4.239
4.338
4.39
4.769
4.416
4.566
4.358
4.328
4.548
4.548
4.483
4.641
4.33
4.234
4.415
4.536
4.059
4.317
4.608
4.535
4.626
4.2
4.714
4.425
4.846
4.545
4.458
4.426
4.32
4.535
4.398
4.428
4.481
4.543
***
4.508
4.31
4.553
4.338
4.32
4.383
4.396
4.405
4.391
4.28
4.37
4.566
4.556
4.678
4.405
4.633
4.132
4.555
4.385
4.443
4.443
4.666
4.545
4.693
4.478
4.388
4.506
4.123
4.488
4.518
4.159
4.466
4.318
4.446
4.56
4.328
4.348
4.38
4.43
4.37
4.178
4.448
4.6
4.302
4.4
4.506
4.528
4.416
4.508
4.523
***
4.328
4.323
4.523
4.203
4.553
4.347
4.478
4.337
4.35
4.543
4.199
4.358
4.495
4.37
4.144
4.207
4.405
4.461
4.501
4.475
4.227
4.355
4.082
4.43
4.273
4.23
4.48
4.408
4.445
4.348
4.523
4.38
4.568
4.267
4.272
4.416
11.459
4.418
4.195
4.27
4.2
4.282
4.491
4.681
4.233
4.164
4.403
4.265
4.493
4.343
***
4.322
4.47
4.365
4.706
4.165
4.571
4.388
4.318
4.416
4.343
4.603
4.492
4.155
4.244
4.456
4.249
4.35
4.458
4.417
4.314
4.661
4.395
4.515
4.237
4.41
4.385
4.327
4.646
4.408
4.32
4.548
4.214
4.486
4.265
4.448
4.307
4.56
4.456
4.36
4.537
4.433
4.548
4.317
4.355
4.806
4.481
4.503
4.483
4.53
4.43
***
1101.136
2156.06
3211.273
4292.18
5402.016
6447.484
7528.247
8689.636
9686.804
10934.744
11844.989
12932.667
14207.775
15268.19
16364.236
17458.637
18547.411
19284.108
20478.81
21563.331
22941.294
23790.19
25133.939
26042.38
27159.525
28031.495
29567.18
30195.95
31711.293
32803.736
33834.149
34992.425
36088.847
36681.281
37745.825
39361.02
40464.49
41570.247
42667.757
43751.913
44830.618
45952.241
47034.677
48114.654
49225.75
49266.385
51413.065
52565.305
53612.839
53587.186
***
1103.687
2158.04
3211.11
4307.959
5401.086
6497.797
7528.824
8695.559
9778.203
10879.617
11845.906
13077.496
14008.948
14996.331
16194.819
17240.786
18551.73
19400.369
20751.718
21567.736
22960.218
23727.297
24803.257
25875.803
27310.457
28408.478
29507.051
30506.936
31295.998
32805.723
33684.538
35013.681
36088.905
37184.773
38039.616
39347.482
40452.449
41548.988
42070.888
43747.829
44864.722
45957.754
46657.292
48126.691
49234.481
49646.896
51461.224
51771.998
52524.593
54710.022
***
1100.341
2156.06
3210.458
4290.972
5403.101
6450.473
7595.616
8608.746
9790.235
10766.949
11980.667
12927.55
14170.591
15270.655
16364.615
17347.104
18555.452
19403.143
20753.312
21567.037
22936.563
24026.32
25015.292
26224.22
26773.669
28043.114
29115.612
30613.226
31705.757
32760.521
33887.956
34988.079
36100.459
36685.563
38230.637
38839.188
40464.791
41389.72
41769.73
43737.333
44445.727
45952.653
47041.382
47552.328
49231.249
49526.698
51393.139
51776.345
53608.813
54746.985
***
1100.301
2155.572
3213.402
4311.668
5372.731
6455.675
7594.936
8689.976
9693.218
10770.743
11973.829
13068.275
14003.874
15181.625
16350.479
17464.888
18345.175
19634.485
20738.546
21842.633
22946.132
24038.551
25120.839
26222.408
27056.961
28410.185
29511.426
30604.361
31699.322
32790.077
33875.83
34953.898
35594.43
36898.803
38258.94
38833.241
39990.211
41567.192
42390.319
43746.213
44460.856
45936.583
47036.03
47888.732
49212.583
49691.384
50702.602
52520.444
53604.232
54745.12
***
1100.036
2198.057
3222.369
4313.434
5369.017
6499.837
7593.252
8672.015
9782.069
10885.929
11843.972
13070.087
14159.217
15044.339
16454.074
17455.271
18627.8
19673.418
20744.544
21840.045
23224.175
24051.263
24696.406
26214.019
27319.5
28402.239
29498.612
30585.871
31700.089
32794.482
33882.728
34614.043
35877.99
37788.726
38292.999
38666.088
39904.023
41565.087
42714.622
43762.197
44279.893
45948.779
46905.686
47127.418
49198.192
50170.869
51325.85
52519.403
53623.717
54681.027
***
2101.655
4154.536
6222.902
8309.721
10446.095
12498.12
14646.256
16607.217
18789.308
20880.741
23019.725
24999.819
27128.298
29263.904
31243.592
33455.647
35398.051
37655.509
39690.938
41840.553
43940.286
45725.317
48128.616
50224.989
51974.232
54420.042
56511.741
58632.312
60677.539
62804.595
64876.446
66592.562
69079.926
71175.526
72752.028
75333.223
77564.024
79689.123
81148.702
83799.693
85581.665
87952.687
90059.255
92153.856
94292.993
96256.531
98444.794
100349.17
102508.593
104724.755
***
2102.78
4189.771
6263.734
8344.706
10402.229
12451.78
14531.062
16693.873
18793.764
20885.718
22846.087
25109.785
27211.27
29268.244
31366.582
33463.643
35002.382
37407.233
39745.331
41842.553
43937.489
46039.959
48132.523
50233.669
52320.257
54426.161
56174.301
58608.212
60747.989
62434.763
64961.483
66590.912
69050.064
71191.401
72753.178
74822.01
77462.978
79558.341
81759.024
83184.452
85233.054
87962.075
90055.151
91151.015
93548.864
96381.847
98417.407
100503.792
102635.286
104716.128
***
2102.865
4156.694
6210.353
8312.68
10355.486
12500.987
14596.021
16607.205
18895.062
20841.716
22985.263
25000.899
27035.316
29114.214
31364.963
33464.798
35552.631
37411.096
39757.487
41569.763
43927.6
46035.333
48125.649
50012.496
52321.723
54433.641
56509.481
58196.24
60871.232
62847.061
64508.694
66993.681
68845.657
71165.318
73268.747
75355.879
77462.166
79564.608
81656.675
83755.817
85850.748
87947.472
90044.418
92101.846
94233.042
96339.297
98524.086
100539.091
102632.966
104731.303
***
2101.753
4156.732
6211.243
8308.072
10403.82
12449.36
14562.208
16691.998
18789.586
20833.612
22848.662
25078.474
27170.43
29305.014
31263.834
33455.554
35553.516
37650.274
39759.107
41846.314
43951.325
46036.972
48134.861
49876.408
52327.165
54033.767
56528.404
58612.193
60716.223
62791.502
64939.033
66994.16
69091.784
71191.18
72763.434
74826.548
77478.446
79535.578
81663.892
83743.548
85972.324
87957.057
90038.527
92148.955
94244.117
95260.889
98441.167
100542.419
102634.316
104725.076
***
2101.484
4158.15
6234.56
8309.713
10403.512
12519.986
14594.696
16693.156
18787.998
20884.049
22845.511
25078.218
27169.148
29281.369
31361.777
33465.88
35517.013
37646.3
39744.141
41677.422
43952.359
46041.778
48123.567
50269.995
52315.643
54416.411
56515.322
58607.299
60720.415
62358.244
64901.356
66960.763
69100.018
71180.164
72756.634
75394.951
76914.519
79520.531
81653.358
83762.059
85249.249
87924.226
90020.139
92129.911
94279.256
96333.401
98412.002
100521.403
101878.195
104718.215
***
3100.742
6156.158
9210.859
12310.324
15402.825
18498.905
21598.271
24732.025
27750.396
30884.448
33980.046
36842.741
40170.508
43266.157
46373.903
49254.246
52557.77
55655.912
58747.879
61863.747
64941.982
68038.608
70898.191
74183.901
77375.716
80423.04
83487.264
86623.098
89697.42
92801.194
95826.54
99007.688
102083.155
105175.423
108238.096
111383.022
114480.475
117589.159
120617.337
123759.965
126856.977
129399.52
133057.922
136119.411
139174.017
142354.086
145113.687
148545.319
151508.532
154742.179
***
3102.258
6157.223
9229.362
12309.512
15411.009
18497.689
21594.244
24695.564
27829.436
30884.74
33851.043
37071.201
40167.291
43202.66
46363.043
49248.739
52421.906
55487.831
58763.199
61841.325
64640.444
68040.502
71130.578
74125.476
77328.34
80467.338
83512.365
86616.858
89716.508
92792.97
95537.963
98996.625
102091.352
105195.142
108290.156
111379.023
114463.592
117569.06
120680.906
123764.298
126858.378
129971.053
133110.387
136148.995
139227.275
141599.588
145435.275
148524.356
151562.669
154696.621
***
3100.908
6158.378
9211.847
12304.771
15400.863
18498.787
21529.585
24692.407
27776.007
30927.425
33984.211
37067.959
40170.287
43084.387
46368.285
49465.565
52602.312
55656.849
58344.605
61852.511
64957.079
68029.569
71025.538
74226.841
77307.757
80413.551
83197.816
86615.071
89709.926
92808.632
95863.371
99010.941
102103.756
105179.972
108294.894
111393.81
114492.448
117583.624
120661.781
123158.815
125913.162
129962.764
133134.789
136163.32
139256.698
142350.184
145466.274
148535.722
151627.908
154780.165
***
3101.261
6158.035
9211.771
12310.51
15370.676
18451.638
21595.608
24691.339
27786.644
30766.14
33978.512
37061.144
40176.527
43101.15
46155.245
49471.809
52603.169
55660.517
58771.092
61846.968
64938.875
68019.564
71132.011
74197.472
76960.71
80407.575
83531.203
86197.372
89716.619
92801.592
95905.375
98972.978
102092.209
105239.562
108288.407
111383.652
114493.563
117572.323
120681.82
123779.035
126858.934
129968.593
133056.015
135483.023
139191.344
142351.364
144753.757
148590.527
151650.091
154741.49
***
3101.382
6156.612
9214.162
12292.207
15372.864
18475.351
21595.179
24572.312
27787.06
30769.194
33980.692
37077.842
40173.595
43256.805
46366.183
49463.38
52539.596
55689.288
58738.447
61843.274
64946.259
68038.949
70801.43
74217.596
77326.465
80436.186
83520.632
86625.104
89348.703
92812.225
95919.62
98996.628
102093.274
105187.649
108343.199
111057.027
114484.741
117579.186
120682.61
123772.931
126855.884
129984.988
132411.165
136137.527
138996.169
142355.265
144715.207
148532.57
151638.359
154721.392
***
3101.362
6207.642
9209.704
12306.01
15409.713
18500.286
21531.184
24660.085
27785.567
30882.029
33990.633
37081.427
40156.767
43265.818
46165.727
49469.654
52559.329
55605.27
58722.094
61849.83
64928.9
68039.032
71097.464
74196.547
76965.569
80235.368
83512.475
86199.502
89287.453
92844.737
95439.784
99003.128
102118.189
105235.357
108279.584
111463.211
114476.759
116991.245
120091.206
123766.799
126875.653
129989.854
133049.841
136170.068
139242.45
142343.942
144718.272
148376.244
151633.911
154716.607
***
3102.575
6158.754
9213.53
12307.954
15402.494
18448.784
21595.187
24675.302
27689.126
30759.296
33926.304
36955.166
40017.259
43093.355
46369.002
49250.53
52321.913
55605.884
58750.32
61842.55
64641.153
68018.511
71137.158
74245.699
77325.556
80359.624
83126.498
86619.399
89758.257
92356.599
95902.222
98998.369
102092.241
105194.099
108254.711
111365.277
114483.034
117569.967
120231.728
123145.815
126868.253
129304.03
133056.21
136147.366
139241.914
142371.423
145436.295
148538.887
151620.463
154722.775
***
3101.332
6159.187
9212.027
12306.45
15403.294
18499.496
21678.777
24608.723
27699.456
30887.072
33859.269
37076.742
40214.129
43267.77
46372.916
49466.82
52533.644
55661.594
58483.365
61858.039
64948.806
68047.408
70816.893
74246.929
77333.186
80418.861
83109.326
86628.037
89069.481
92862.077
95914.055
99001
101961.557
105209.675
108247.229
111371.897
114469.778
116994.535
120184.664
123775.702
126870.308
129974.183
133064.727
136145.997
139263.579
142354.426
145492.891
148542.413
151628.825
154714.603
***
3101.627
6154.481
9213.079
12289.694
15405.392
18505.67
21596.933
24693.905
27793.748
30892.792
33980.938
36929.818
40173.568
43306.976
46157.16
49462.257
52553.665
55652.037
58765.525
61844.254
64939.687
68052.227
70815.848
74244.258
76954.125
80184.906
83517.516
86621.645
89717.203
92821.138
96040.707
99012.151
102090.154
105180.71
108228.887
111376.235
114489.667
117566.532
120674.847
123180.51
126861.483
129976.483
133071.277
136203.239
139243.845
142347.064
144731.053
148562.509
151635.65
154743.444
***
3104.298
6157.308
9212.067
12349.833
15372.13
18498.501
21595.425
24635.741
27907.927
30891.341
33981.085
37060.297
40178.997
43312.781
46239.342
49451.73
52604.55
55653.867
58482.954
61842.655
64982.36
67992.271
71146.652
73878.548
77216.552
80393.432
83129.209
86628.555
89715.075
92776.863
95914.797
99002.627
102099.28
105192.843
108294.857
111402.47
114496.473
117583.088
120082.281
123764.771
126869.947
129969.85
132383.599
136227.696
139246.129
142339.091
145437.585
148526.654
151632.356
154723.483
***
4113.076
8155.655
12214.36
16348.099
20402.364
24498.621
28583.232
32609.888
36687.738
40887.862
44984.01
49081.731
53151.602
57087.97
61374.419
65480.394
69557.161
73658.177
77792.923
81851.633
85978.02
89717.463
94141.756
98222.066
102333.125
106423.101
110516.734
114613.074
118280.022
122884.91
126904.324
130996.309
134328.599
139229.691
142994.52
147433.223
151491.425
155587.908
159662.953
163773.848
167860.184
171308.62
176048.877
180143.832
183740.495
188371.685
191726.866
195776.994
200629.403
204734.112
***
4101.021
8158.857
12263.942
16293.11
20406.334
24502.467
28529.545
32611.059
36792.357
40878.617
44982.118
48992.405
53172.347
57268.003
61364.132
65455.974
69561.16
73641.268
77509.425
81896.652
85945.811
90084.587
94145.845
98229.694
102337.621
106107.286
109931.876
114617.747
118703.039
122795.909
126438.103
130999.101
135107.28
139203.182
142763.854
147412.092
151533.046
155001.959
159120.771
163782.509
167873.254
171972.689
175748.157
180155.434
184265.034
188348.604
192453.714
196530.77
200617.603
204210.501
***
4103.101
8159.556
12211.444
16316.057
20403.639
24450.458
28594.312
32666.161
36794.044
40881.974
44981.581
48931.145
53167.318
57264.939
61166.909
65471.295
69556.895
73402.737
77745.092
81846.509
85647.67
90048.899
94136.842
98236.088
102322.185
106423.008
110517.448
114197.715
118341.8
122561.632
126908.443
130996.036
135133.463
139182.086
143283.122
147375.515
151484.108
155579.566
159675.184
163760.634
167859.525
171964.923
176103.668
179661.271
184258.659
188393.525
192389.456
196546.672
200653.053
204774.463
***
4102.076
8154.725
12210.032
16309.244
20407.075
24498.511
28595.447
32690.189
36785.449
40888.863
44985.175
48931.06
53170.07
57085.497
61358.587
65466.027
69619.149
73658.961
77790.921
81853.294
85927.01
90039.113
94150.811
98227.474
102322.067
106423.266
110533.397
114612.159
118730.497
122805.964
126958.309
130523.567
135094.874
139223.967
143237.499
147387.029
151477.243
155582.987
159672.558
163765.808
167866.449
171856.874
176069.392
180159.904
184243.968
188344.038
192456.183
196541.109
200631.573
204722.788
***
4102.404
8155.91
12211.992
16308.961
20369.962
24500.115
28599.151
32691.276
36786.285
40885.382
44981.376
49087.77
53162.101
57276.392
61368.721
65458.525
69559.376
73694.092
77748.327
81840.989
85936.672
90032.183
94161.144
98260.49
102311.531
106034.613
110123.188
114611.982
118715.941
122813.865
126900.037
130991.666
135105.463
139182.474
143301.948
147370.651
151480.066
154703.061
159667.516
163755.124
167863.422
171941.629
176058.901
180140.461
184225.848
188234.331
192426.166
196534.752
199874.499
204734.26
***
5102.374
10159.431
15221.955
20310.174
25371.876
30503.229
35530.816
40694.408
45784.725
50896.176
55969.837
61081.695
66178.063
71272.471
76345.84
81462.871
86561.418
91637.263
96755.834
101844.06
106939.849
112030.772
117138.839
122236.594
127341.221
132124.405
137530.868
142662.654
147718.54
152803.183
157894.331
163001.483
168095.623
173221.857
178288.594
182830.137
188498.708
193583.783
198692.521
203784.634
207938.625
213968.23
218392.152
224104.918
229302.787
233630.542
239458.219
244551.222
248895.466
254410.241
***
5103.742
10157.331
15212.598
20307.933
25406.135
30500.56
35595.277
40655.902
45789.253
50888.161
55980.16
61115.934
66174.128
71268.253
76373.138
81398.642
86565.357
91403.626
96756.896
101849.967
106644.677
111728.087
116832.075
122235.151
127325.622
132421.669
137516.395
142615.62
147755.713
152801.115
157894.639
163002.352
168110.713
173201.337
178288.428
183408.34
188487.502
193590.197
198683.303
203793.304
208871.221
213966.564
219055.918
224146.074
229238.279
234441.658
239433.179
244555.574
249648.524
254734.981
***
5101.051
10158.646
15210.546
20309.169
25404.048
30501.468
35597.088
40695.13
45795.239
50770.62
55980.952
61076.91
66034.105
71087.263
76368.472
81459.279
86217.062
91657.585
96766.093
101884.371
106943.825
112044.123
117131.249
122229.756
127326.752
132413.63
137521.676
142619.371
147716.457
152834.6
157907.353
163006.55
168103.887
173191.329
178323.574
183391.157
188495.458
193587.479
198697.914
203773.869
208876.964
213964.532
219010.864
224144.107
229260.595
234343.642
239452.108
244541.286
249643.703
254721.502
***
5104.682
10158.641
15217.327
20308.144
25404.817
30618.165
35598.05
40695.746
45811.1
50889.431
55984.207
61086.241
66098.175
71265.457
76363.356
81462.627
86558.208
91654.014
96760.69
101848.39
106952.273
112055.592
117178.257
122226.591
127339.049
131848.537
137519.011
142619.027
147737.977
152358.545
157901.151
163002.448
168092.681
173199.147
178296.013
183396.681
187920.368
193584.549
198675.106
203817.603
208863.905
213965.73
218397.56
223492.468
229191.614
234338.482
239431.249
244499.515
249688.255
254736.116
***
5102.704
10156.717
15212.758
20309.355
25376.723
30500.097
35638.451
40692.87
45794.608
50768.485
55981.962
60924.777
66176.557
71314.167
76365.343
81461.778
86571.551
91684.261
96483.014
101852.031
106943.948
112044.255
117142.344
122277.421
127326.901
132412.345
137151.651
142621.315
147700.764
152807.397
157913.447
163001.528
167706.755
173191.93
177797.095
183393.613
188484.045
193589.601
198659.34
203780.267
208923.324
213968.646
219037.761
223156.442
229271.14
234351.202
238721.61
243787.668
249153.818
254740.807
***
6100.589
12156.752
18217.134
24291.962
30404.411
36500.546
42599.597
48739.886
54791.262
60931.491
66854.643
72915.373
79008.06
85091.207
91370.283
97498.194
103553.153
109408.524
115851.071
121810.242
127949.175
134089.995
140132.501
146359.335
152377.131
158427.214
164129.727
170643.636
176715.367
182803.317
188263.024
195004.146
201100.586
207195.373
212775.072
219382.113
225498.969
231114.295
237664.846
243232.387
249880.304
255350.36
262117.843
268167.64
274264.652
280364.45
286483.314
292564.686
298642.108
304739.916
***
6101.644
12191.325
18215.502
24309.296
30406.649
36623.818
42597.868
48793.901
54690.597
60928.97
66991.717
72927.98
79294
85264.823
91363.08
97458.109
103577.555
109664.006
115754.005
121632.371
127943.645
134037.196
140142.812
146235.001
151959.779
158410.288
164569.52
170616.704
176686.22
182787.887
188891.075
195009.128
200603.55
207196.365
213302.352
219493.907
225531.288
231152.694
237634.216
243943.936
249852.851
256120.086
262162.944
268247.369
273662.888
280371.691
285979.769
292328.06
298665.515
304742.618
***
6112.855
12158.533
18210.579
24365.654
30520.585
36558.006
42595.384
48806.134
54693.583
60890.333
66876.857
73004.87
79174.256
85289.604
91177.784
97245.694
103563.813
109774.813
115755.19
121852.77
127945.105
134044.2
140137.829
146231.655
152045.613
158440.598
164533.199
170619.385
176465.076
182767.697
188902.609
194583.308
201187.975
207206.681
213307.189
219387.451
225508.122
231578.106
237143.671
243776.649
249865.397
255963.599
262071.021
268178.898
274249.957
280350.269
286459.955
292578.947
298647.373
304254.229
***
6101.922
12233.146
18287.939
24308.374
30443.499
36499.193
42598.045
48693.453
54793.389
60607.509
66983.3
73079.026
79177.203
85089.558
91372.549
97463.028
103678.019
109479.949
115754.769
121942.693
127643.742
133756.43
140134.543
146246.722
152328.238
158423.27
164507.114
170744.076
176717.672
182442.403
188908.55
195012.768
201228.379
207174.216
213317.019
219398.071
225498.891
231572.702
237739.622
243776.594
249872.98
255397.539
262104.414
268164.468
274275.722
280371.924
286421.551
292163.418
298635.262
304749.03
***
6103.597
12155.334
18211.103
24351.113
30374.104
36539.604
42598.903
48690.555
54789.35
60772.434
67099.716
73081.808
79032.671
85269.043
91174.018
97544.704
103268.012
109652.738
115723.487
121572.377
127957.246
134115.926
140180.455
146233.216
152327.251
158542.275
163971.624
170617.002
176294.34
182798.955
188582.848
195002.292
201109.758
207195.157
213277.194
218841.823
224693.666
231596.789
236856.114
243829.329
249362.496
256069.135
262124.26
268160.113
273628.79
280368.331
286451.884
291813.01
298650.69
303972.12
***
7139.387
14161.267
21221.907
28308.474
35500.53
42504.054
49607.272
56692.339
63793.87
70886.013
78083.361
85080.775
92171.495
99312.63
106410.263
113457.224
120564.191
127424.749
134745.976
141837.858
148941.672
155724.28
163131.992
170239.518
177326.281
184422.593
191524.691
198592.6
205368.894
212801.556
219899.156
226599.375
234096.717
241200.842
248350.989
255139.347
262397.947
268775.649
276687.613
283730.911
290838.414
297969.577
305077.822
312164.75
319271.75
326321.91
333519.477
341477.111
347630.318
354100.604
***
7100.347
14159.842
21211.233
28308.119
35446.296
42470.366
49640.877
56724.673
63904.606
70976.371
78101.168
85081.025
92172.855
99412.463
106368.161
113581.747
120685.01
127624.022
134787.349
141832.841
148957.373
156049.674
163134.125
170223.475
177323.459
184173.437
191520.399
198579.407
205726.249
212811.148
219902.626
227005.15
233673.637
241203.706
248300.593
255484.434
262528.95
269581.632
276685.055
283786.158
290844.029
298091.278
304383.623
312165.421
319268.792
326360.577
333447.999
340545.619
347643.29
353958.659
***
7101.213
14194.702
21254.262
28429.046
35434.005
42543.627
49689.054
56693.724
63689.158
70892.661
78170.219
85075.297
92176.22
99263.818
106421.863
113469.079
120569.516
127340.685
134486.427
141847.826
149068.589
156050.686
163153.818
170234.882
177333.577
184048.408
191218.95
198623.687
205733.13
212369.259
219922.723
226333.383
233666.768
241312.598
248298.042
255409.173
261998.658
269600.743
276813.687
283815.052
290991.789
297943.569
305068.799
312128.667
318632.911
326298.521
333553.933
340340.947
347693.867
354461.979
***
7099.46
14158.217
21212.53
28307.161
35406.925
42502.092
49601.754
56694.727
63691.729
70865.258
77980.767
85081.058
92230.591
99392.467
106365.277
113469.523
120566.501
127670.539
134753.836
141843.789
148958.418
156037.775
163127.927
169722.671
177333.532
184452.068
191522.767
198625.883
205723.004
212839.706
219897.778
227006.81
234101.841
241220.122
248329.184
254725.173
262482.377
269605.97
276669.181
283802.558
290892.925
297308.465
305146.222
312161.879
319251.31
326324.764
333478.098
340538.846
347631.367
354759.308
***
7103.173
14157.383
21215.745
28309.86
35406.566
42505.542
49601.388
56698.765
63792.998
71012.806
77983.773
85080.156
92169.048
99324.446
106364.701
113508.437
120337.26
127595.972
134737.466
141844.964
148938.383
156032.369
163143.285
170246.289
177337.998
184049.629
191515.091
198616.952
205694.27
212157.868
219907.145
227007.984
234090.151
241298.58
248418.497
255394.291
262534.169
269588.327
276682.617
283770.422
291000.456
297900.234
305066.837
312142.356
319253.127
326468.233
333452.369
339467.609
347650.787
354715.156
***
8101.143
16156.471
24212.573
32348.633
40408.44
48505.76
56597.449
64609.757
72739.72
80779.913
88995.052
97092.569
104987.427
113269.145
121369.133
129467.558
137580.343
145661.31
153749.235
161853.561
169973.636
178045.299
186144.084
194228.665
202328.563
210476.665
218567.169
226637.343
234707.773
242581.414
250915.618
258530.423
267230.16
275209.038
283278.044
291433.734
299284.206
307030.986
315686.05
323597.487
331892.393
339968.644
348085.672
356165.997
363567.733
372141.297
379797.774
388591.314
395958.247
404736.04
***
8110.049
16234.381
24211.556
32309.768
40398.159
48503.122
56557.685
64685.402
72790.026
80832.998
88989.013
97078.327
105176.603
113272.675
121241.378
129249.113
137563.557
145450.042
153756.141
161853.411
169986.454
178086.571
185989.903
193996.082
202337.824
210439.186
218531.835
226669.876
234728.834
242811.992
251546.265
259012.537
267101.808
275199.318
283080.772
291398.112
299485.424
307604.353
315746.629
323798.25
331886.389
339825.777
348080.642
356166.551
364297.29
372363.06
380520.679
388550.575
396796.496
404780.13
***
8105.686
16156.694
24212.927
32308.755
40408.335
48498.501
56543.733
64608.896
72837.519
80886.469
88922.505
96937.236
104967.801
113388.665
121305.945
129465.796
137572.701
145659.736
153756.275
161851.281
169952.239
178024.266
186137.064
194236.497
202052.363
210490.549
218527.467
226620.442
234714.868
242813.091
250520.776
258743.482
267109.548
275206.049
283306.199
291388.894
299515.844
307580.866
315694.364
323275.277
331866.215
339965.349
348099.085
356187.579
364276.326
372236.708
380457.059
387877.004
396650.027
404815.677
***
8100.768
16159.282
24213.863
32307.71
40404.01
48502.758
56600.01
64696.673
72792.803
80931.906
88983.109
97083.716
105084.078
113167.274
121412.047
129575.544
137405.963
145712.018
153749.704
161846.35
169955.238
178045.619
186075.726
193926.469
202331.519
210432.42
218519.411
226632.409
234708.768
242810.408
250568.889
259009.986
267095.874
275202.671
283302.832
291496.046
299486.556
307600.87
315159.778
323779.622
331866.683
339982.323
348065.463
356149.482
364277.462
372321.04
379980.396
388570.957
396646.675
404378.103
***
8134.488
16237.688
24269.552
32307.878
40402.033
48522.816
56836.271
64691.356
72906.147
80767.878
88986.5
96930.277
105316.369
113011.309
121363.338
129456.056
137380.321
145658.929
153566.01
161647
169944.406
178047.472
186072.515
194243.935
202333.825
210458.984
218525.43
226624.649
234711.031
242800.495
251040.224
258606.78
267116.905
275204.131
283301.241
291389.114
299528.082
307630.513
315650.419
323876.151
331888.243
339955.359
348061.771
356218.095
364273.112
371690.409
379790.597
388614.069
395916.605
404750.557
***
8102.917
16163.362
24214.217
32352.127
40408.659
48502.64
56774.676
64735.7
72843.001
80930.688
89005.451
97076.68
105013.595
113286.96
121378.923
129465.949
137560.036
145659.601
153758.349
161849.083
169984.113
178045.983
186142.12
194249.407
202080.703
210432.66
218520.558
226616.082
234322.403
242812.829
250907.963
258787.142
267109.877
275206.131
283293.029
291411.367
299602.534
307637.244
315694.902
323782.906
331325.947
339400.381
348184.615
356216.218
364267.754
372327.275
380471.311
388560.753
396660.091
404729.563
***
8100.42
16159.884
24210.647
32307.141
40446.956
48502.442
56599.457
64709.673
72792.144
80888.496
88981.052
97085.899
104970.919
113274.322
121076.138
129184.601
137402.398
145659.877
153872.069
161912.021
169646.644
178085.273
185887.865
194244.661
202326.729
210120.389
218664.521
226623.842
234722.399
242814.039
250920.46
259023.577
267098.944
275201.475
283426.755
291389.121
299544.162
307596.207
315726.555
323866.303
331864.942
339963.645
348083.362
356185.645
364391.896
372359.582
380470.871
388569.092
396538.68
404763.692
***
8101.073
16156.662
24210.802
32308.978
40402.319
48544.374
56596.239
64697.144
72698.923
80984.749
89105.817
97079.139
105256.12
113275.064
121368.331
129228.363
137560.069
145663.082
153757.913
161620.779
169950.485
178050.331
186122.029
194243.248
201971.686
210413.536
218521.325
226620.896
234356.792
242797.676
250914.804
259001.556
267097.155
275242.348
283300.544
290619.043
299487.885
307316.35
315678.502
323780.969
331859.279
339968.474
348073.819
356162.84
364266.447
372359.443
380475.371
388549.969
396172.872
404730.683
***
8102.517
16157.9
24231.184
32312.499
40523.102
48503.011
56605.706
64694.608
72747.629
80884.795
88982.781
97074.621
105173.015
113274.798
121408.163
129526.657
137409.08
145707.57
153765.145
161437.011
169948.876
177732.907
186130.403
194251.302
202325.466
210440.206
218537.871
226615.771
234296.12
242828.668
251029.313
258968.323
267243.551
275222.655
283296.663
290859.232
299592.168
307585.409
315395.184
323825.434
331992.552
339965.444
348857.662
356267.697
364405.992
372474.304
380595.003
388651.927
395519.989
404753.839
***
8101.687
16158.035
24266.328
32352.892
40372.994
48501.656
56532.448
64695.515
72775.628
80798.385
89102.076
97079.156
105173.349
113427.6
121370.218
129465.902
137333.922
145661.858
153693.549
161842.049
169723.162
178053.54
185655.551
194230.098
202317.043
210428.591
218518.626
226523.49
234350.603
242831.913
250942.716
259016.752
267105.419
275238.932
283302.406
291362.803
299535.632
307336.013
315600.346
323771.79
331886.865
339443.694
348071.714
356171.816
364256.821
372360.637
380456.299
388586.332
396646.268
404739.481
***
9102.68
18158.303
27253.989
36299.101
45372.352
54500.578
63549.077
72896.024
81646.249
90783.19
99982.029
109080.146
118009.484
127153.171
136449.751
145472.632
154556.69
163779.28
172757.074
181654.081
191028.392
200083.319
209160.515
218238.961
226848.927
236414.696
245654.863
254625.187
263786.056
272826.412
281903.311
291028.734
300154.256
309217.705
318305.593
327386.51
336618.678
345618.615
354074.25
363789.656
372893.374
381979.027
391091.442
400165.923
409253.298
417908.934
427463.904
436553.082
445730.314
454577.225
***
9136.683
18158.356
27343.433
36310.915
45407.794
54500.37
63598.792
72698.688
81692.915
90887.04
99979.974
108907.228
118173.945
127274.587
136364.169
145258.71
154565.797
163643.756
172875.048
181853.691
190992.572
200058.577
209163.629
218256.137
227376.972
236426.769
244916.733
254214.985
263853.825
272821.323
281509.484
291054.992
300126.607
309195.24
318306.285
327398.306
336469.759
345068.159
354669.197
363902.043
372890.596
382048.325
391100.012
400181.929
409267.663
417339.392
427449.24
436621.039
445767.304
454719.008
***
9100.056
18156.746
27211.909
36427.45
45446.195
54582.735
63602.06
72736.151
81790.948
90899.712
99982.801
108933.63
118178.626
127276.591
136490.655
145601.219
154528.731
163289.637
172482.131
181849.226
190946.974
200093.958
209272.887
218061.458
227474.269
236429.117
245524.226
254738.506
263713.668
272804.106
281912.63
291011.253
300106.207
309042.307
318296.965
327380.3
336587.379
345379.629
354701.434
363834.929
372929.852
381333.985
391063.552
400284.771
409279.528
418467.736
427577.834
436611.504
445644.86
454740.036
***
9101.763
18158.418
27287.321
36349.208
45406.365
54546.035
63600.829
72692.699
81792.447
90881.555
100021.606
109079.198
118293.696
127120.807
136378.644
145436.338
154555.223
163654.023
172747.168
181844.926
190653.391
200027.723
209129.686
218248.433
227338.948
236428.01
245532.335
254874.643
263286.951
272893.313
281954.041
291093.087
300114.041
308849.39
318298.479
327182.433
336492.028
345563.342
354691.947
363235.525
372879.966
381327.267
390742.677
400193.312
409293.054
418368.596
427460.735
436560.239
445613.331
454801.155
***
9102.434
18159.656
27212.556
36308.941
45450.159
54504.945
63606.786
72664.534
81768.439
90891.856
100084.651
109164.884
118162.326
127061.641
136373.004
145463.674
154564.081
163667.273
172755.695
181857.758
190852.049
199725.199
209129.49
218247.229
227347.503
236415.152
245540.466
254046.655
263761.833
272914.713
281919.281
291009.828
300123.48
309208.085
318143.423
327404.927
336509.761
345590.44
354691.601
363790.099
373012.766
381908.121
391062.623
400157.141
409295.733
418381.398
427127.003
436583.45
445619.104
454760.136
***
10102.764
20163.986
30253.691
40400.029
50522.602
60454.23
70598.837
80669.834
90791.963
100955.506
111045.287
120958.832
131179.207
141286.772
151447.504
161477.41
171562.957
181666.026
191800.002
201862.96
211944.636
222090.182
231814.921
241900.13
252334.218
262475.321
272538.256
282632.188
292725.2
302830.972
312911.683
323008.924
333111.09
343186.352
353315.333
363459.437
373532.191
383591.853
393691.365
403796.669
413894.612
423962.516
434089.845
444176.668
454257.677
464374.232
474441.902
484585.356
494658.209
504741.522
***
10103.772
20208.879
30258.509
40308.199
50409.307
60504.504
70603.455
80815.848
90771.703
100771.443
110990.401
121086.31
131013.662
141275.178
151373.066
161468.532
171576.346
181637.627
191727.199
201888.138
212068.219
222096.547
231896.542
242279.013
251831.15
262431.788
272610.288
282667.748
292769.738
302828.636
312926.444
323136.778
333150.564
343210.726
353275.626
363040.71
373491.07
383589.951
393811.646
403858.959
413968.399
423458.997
434074.254
444185.769
454257.742
464364.383
474457.039
484581.873
494707.368
504766.943
***
10126.679
20156.902
30213.287
40428.279
50409.104
60500.756
70598.393
80702.562
90832.006
100887.185
111064.269
121088.738
131179.575
141247.191
151371.891
161465.146
171569.493
181724.433
191575.634
201855.395
211950.103
222049.275
231688.11
242241.521
252336.748
262488.165
272526.473
282676.493
292720.434
302839.025
313042.259
322899.628
333239.512
343208.385
353420.204
363407.851
373482.308
383713.023
393356.2
403803.939
413984.983
424034.933
434101.17
443958.416
454280.79
464382.836
474484.42
484566.307
494666.405
504290.121
***
10138.828
20236.91
30333.044
40394.957
50332.838
60546.646
70702.471
80611.018
90763.65
101007.328
110991.132
121083.471
131177.057
141270.991
151369.055
161511.313
171331.889
181662.529
191792.966
201859.837
211951.535
222050.087
231888.381
242241.559
252346.248
262432.259
272530.939
282620.273
292291.712
302857.858
312908.1
322936.152
333102.741
343208.012
353273.034
363534.513
373489.789
383596.238
393733.332
403798.262
413876.63
423980.189
434043.763
444170.589
454255.863
464375.23
474566.338
484688.715
494792.472
504718.606
***
10101.639
20193.584
30255.989
40306.7
50404.774
60504.893
70606.086
80613.746
90792.236
100929.691
110983.713
121079.772
130984.672
141171.04
151168.599
161470.271
171575.706
181780.4
191755.49
201885.186
211951.702
222038.72
232196.472
242237.787
252340.279
262434.8
272539.286
282628.008
292729.274
302818.776
313037.303
323130.563
333101.784
343208.759
353433.656
363515.617
373529.96
383073.909
393693.74
403758.2
413527.947
423962.225
434079.879
444178.359
454265.951
464366.599
474171.012
484548.463
494544.246
504634.709
***
11121.743
22157.802
33213.691
44321.382
55406.763
66478.619
77598.037
88609.8
99831.148
110773.698
121945.847
132916.994
144222.451
155273.685
166181.057
177547.609
188567.954
199624.334
210768.905
221859.384
232958.888
244054.898
255180.112
266244.265
277340.692
288468.597
299522.389
310632.598
321508.264
332804.843
343905.701
355044.667
366162.802
376856.933
388499.966
399152.125
410490.07
421586.482
432693.552
443562.855
454984.105
466036.882
477163.151
488279.434
499281.89
510355.439
521451.298
532583.378
543667.204
554741.763
***
11100.925
22204.732
33212.104
44310.358
55449.172
66482.208
77604.272
88688.742
99913.268
110847.488
121980.879
133079.945
144174.335
155277.671
166403.421
177587.807
188696.293
199764.903
210772.455
221568.031
232935.337
244060.199
255139.55
266250.935
277335.099
288435.115
299524.334
310626.023
321359.773
332815.342
343919.43
355005.125
366105.112
377209.021
388010.455
399405.216
410134.23
421640.487
432677.062
443847.633
454909.568
465979.056
477093.563
488266.118
499300.388
510499.425
520824.819
532552.278
543659.146
554746.046
***
11102.536
22209.516
33216.808
44395.109
55523.042
66500.365
77755.7
88709.166
99763.707
111012.332
122049.126
133084.427
144175.801
155021.777
166381.952
177469.617
188645.583
199662.925
210789.367
221765.557
232940.07
243803.92
255257.209
266328.251
277340.893
288470.324
299510.474
310737.551
321712.625
332834.13
343912.021
354529.416
366222.776
377202.501
387538.538
399408.128
410483.462
421592.9
432679.763
443793.368
454570.227
466089.01
477051.317
488158.753
499226.159
510365.613
521464.624
532524.232
544165.622
554741.423
***
11102.258
22220.288
33213.022
44311.604
55404.471
66502.903
77713.201
88813.182
99829.126
110895.281
121922.967
133079.544
144178.457
155268.417
166373.427
177461.042
188403.767
199713.166
210835.107
221480.34
232955.248
244045.358
254891.156
265969.607
277339.908
288418.361
299544.906
310057.692
321742.046
332820.148
343906.619
355003.452
366113.792
377219.277
388305.128
399410.301
410498.682
421881.514
432750.822
443788.712
454874.016
465971.276
477377.824
488182.65
499272.125
510320.567
521553.196
532674.498
543734.214
554781.59
***
11112.444
22237.954
33212.315
44307.79
55425.645
66541.961
77678.789
88707.19
99789.597
110932.226
122062.39
133124.435
144178.187
155279.646
166373.905
177462.11
188222.245
199639.138
210749.841
221853.756
232994.613
244101.871
255133.544
266240.503
276923.039
288438.583
299573.685
310619.586
321721.213
332820.624
343966.414
355011.402
366096.719
377197.986
388271.335
399399.876
410517.014
421589.449
432697.283
443706.968
454888.842
466032.229
477219.321
488269.711
499307.351
510379.992
521547.603
532555.747
543673.161
554748.236
***
12102.196
24156.626
36212.971
48423.941
60447.009
72501.336
84593.264
96819.444
108803.219
120900.345
132978.523
145132.947
157189.497
169279.377
181332.54
193512.566
205692.86
217672.558
229761.899
241873.268
253954.086
266255.606
280888.094
290041.378
302340.714
314439.898
326547.842
338629.207
350459.23
362833.353
374955.694
387018.521
399197.261
411197.664
423304.373
435401.061
447615.937
459582.32
471480.304
483518.612
495963.163
507983.778
520109.472
532176.939
544316.802
556397.845
568457.176
580593.069
592651.194
604676.462
***
12102.337
24158.075
36213.946
48313.21
60405.789
72505.083
84720.714
96696.222
108803.89
120886.884
132984.602
145088.8
157147.716
169169.757
181375.221
193384.011
205319.455
217432.78
229620.7
241630.144
253796.328
265789.514
277845.165
290026.398
302130.08
314194.373
326190.231
338445.604
350384.023
362631.294
374567.048
386721.304
398879.445
410778.148
422910.045
435058.136
446980.678
459191.003
471365.657
483470.901
495464.913
507502.933
519584.047
531801.976
543754.428
555971.985
567876.853
579945.296
591999.065
604094.701
***
12106.055
24189.863
36273.714
48364.631
60445.591
72559.706
85257
96713.882
108771.704
120844.869
132885.122
144990.453
157063.399
169125.772
181237.721
193764.242
205321.857
221454.817
232536.661
241637.035
253693.365
265821.736
277876.691
292093.014
302003.275
314115.89
326200.385
338273.854
350538.593
362501.091
374656.62
386769.511
398837.808
410930.271
422814.403
434937.867
447119.896
459233.374
471365.283
483153.11
495317.349
507411.093
519489.526
532418.229
543561.592
558121.498
567762.401
579888.84
591999.163
604897.357
***
12137.941
24188.036
36289.526
48315.34
61196.465
72528.84
84611.85
96714.649
108795.523
120849.998
132886.278
144992.49
157178.48
169189.101
181286.038
193319.903
206437.089
217496.769
234009.796
241661.993
253668.898
265956.174
277826.352
290079.391
302062.892
314171.694
326286.283
338267.808
350319.594
362371.303
378332.559
389130.068
401971.905
412669.083
426512.544
436527.839
447798.509
463639.015
471572.125
483898.687
495681.092
518126.972
525272.036
534636.453
546947.254
555634.255
568237.611
582005.204
597759.502
606162.284
***
12135.229
24233.351
36278.535
48365.729
60587.526
72531.679
84587.155
99142.224
108759.846
120829.238
133286.362
145243.878
157608.059
170469.496
181192.913
193328.37
206091.878
217582.838
231449.504
241659.951
253700.253
270700.591
277835.129
290157.852
301999.426
314131.34
326236.303
338216.354
353305.707
363796.453
378181.859
388414.982
399951.801
411141.547
424478.269
434733.925
448641.14
459063.476
475764.706
483535.498
500922.6
510474.051
525297.325
533886.318
544664.015
555546.973
570618.025
583461.19
592657.733
615667.944
***
13175.403
29011.664
39290.641
52379.824
65446.987
78523.615
91620.672
109846.378
117735.264
131437.736
146467.31
156963.125
170073.58
186143.305
196264.069
212928.206
222347.664
238091.71
251331.957
261613.635
275548.356
287722.189
300879.148
315048.481
326964.925
340088.94
353576.395
367641.738
379300.024
393679.257
405562.499
419226.296
433534.294
448669.411
458588.103
471886.236
484489.9
497015.83
513039.959
525694.566
540163.345
556733.705
563597.385
576971.764
592892.508
601638.249
618177.263
628398.843
640825.601
655624.2
***
13112.738
26922.375
39285.013
52370.237
65462.736
78507.624
91583.581
104648.949
117765.216
141227.681
144270.482
160445.797
170043.67
183189.812
198515.434
209282.631
222361.486
236674.993
252943.325
263401.305
274764.551
288501.909
300904.727
315042.458
327266.147
340091.009
353453.072
366263.071
386159.02
392376.41
405949.98
424250.231
431821.978
445067.149
457744.349
470890.684
483962.259
501911.995
513407.878
523651.39
536245.806
551162.586
565028.308
577090.601
589544.041
601655.519
614862.063
628135.921
641777.998
654619.539
***
13113.75
26228.493
39290.5
52363.96
65469.867
78529.091
91825.277
106038.831
117730.2
131962.133
143900.896
157005.904
171244.725
183236.593
196350.454
209389.045
222826.075
235451.446
248466.941
261578.374
277044.678
289370.078
307616.785
313902.329
329705.215
340089.005
353199.868
366224.75
379366.944
397470.036
406208.619
418690.854
434235.053
444838.883
457774.974
470864.556
484011.773
499195.709
512303.515
523115.583
540072.34
549340.582
569555.285
576648.545
588975.077
602548.572
614946.35
629642.295
641064.219
654512.868
***
13210.509
26185.799
39260.458
52384.367
65804.349
78509.769
91633.615
104662.899
117712.764
130811.938
143903.302
157389.396
170063.644
183177.712
196211.249
209291.107
222944.71
235534.748
248690.345
261629.494
274718.449
288342.283
300953.535
313998.193
327145.34
340293.362
353273.27
366192.157
379330.241
394041.459
406830.351
418583.392
434827.083
444640.595
458722.258
471038.129
484009.361
497171.537
510078.565
523309.245
536444.462
549393.161
567310.457
575713.132
588712.35
603589.117
614789.427
628099.394
641993.691
654549.964
***
13114.454
26198.719
39315.398
52345.397
65439.284
78516.89
91562.896
104633.314
117748.948
130803.762
143930.362
159294.335
170060.935
187054.104
197081.773
209273.212
223357.316
235485.803
248536.939
261755.763
274773.46
288668.309
300901.705
317316.189
327490.221
340219.892
353203.794
366285.433
379394.299
392353.766
406467.51
418602.374
431663.916
447987.889
457825.25
471474.944
484289.197
497693.804
511331.926
523329.527
536301.226
552396.978
565048.908
576501.24
588554.044
601934.478
615074
628086.932
641299.533
655919.613
***
14116.985
28211.032
42291.936
56347.126
70479.473
84532.529
103286.35
112712.602
126774.559
140772.826
155502.458
169028.362
183045.79
197001.47
212642.27
225340.134
239432.5
253469.197
267544.455
281679.865
295665.384
309908.699
323924.776
337860.266
352064.728
366054.852
380747.32
394561.898
408281.736
426937.337
441940.81
450637.642
465185.763
482002.166
495585.826
507700.436
521108.634
536756.873
549752.293
563254.212
577409.403
596037.138
605520.128
620264.978
637139.104
650044.373
662157.978
684102.559
690498.171
703977.51
***
14120.44
28244.73
42357.778
56373.043
70415.315
84489.457
98601.132
112814.665
126845.902
140842.995
154971.093
168981.582
184343.014
197685.963
211208.818
227962.983
239350.786
253708.903
267531.633
281774.937
295750.466
309825.536
323925.374
337969.33
354708.608
366177.919
380172.469
394211.895
408318.538
422615.351
441051.519
450636.235
466253.47
481344.742
493031.256
510407.845
521352.741
536512.026
549262.161
563315.048
577345.119
591666.559
606515.52
621636.472
633635.697
648010.062
661890.881
675943.881
693442.558
703997.266
***
14133.072
28203.758
42265.994
56340.18
70457.301
84504.198
98541.439
112746.645
126815.216
145255.57
156314.075
172060.113
183015.858
197174.673
215006.263
225473.68
239586.754
255557.282
268138.919
281675.332
295853.404
309837.858
323940.004
337981.436
352044.236
366081.484
380274.262
396895.224
408465.478
422508.577
438322.778
452315.643
464711.13
478892.889
492981.423
507177.271
521073.731
539508.026
554494.094
563405.732
577314.298
593301.364
608087.213
619803.27
633803.79
647647.226
662024.602
676009.613
696245.417
704163.861
***
14106.471
28209.526
42245.955
56367.849
70501.201
84564.224
98635.8
112726.944
126734.216
140868.935
154927.126
169023.043
184783.685
197161.958
212712.442
225250.998
241616.911
253458.234
267489.842
281667.342
295665.502
309803.849
323895.137
337876.892
353636.509
366182.2
384042.308
394257.468
410482.605
422675.678
437284.695
450690.748
464768.172
478926.917
498494.263
506891.229
520989.92
534997.635
552159.155
563226.791
577551.661
592600.51
605524.185
619649.82
633610.892
647896.585
662007.23
676088.495
690032.34
704272.317
***
14131.466
28214.089
42314.664
56334.847
70473.961
84512.388
98579.111
112738.288
126780.518
140893.392
154987.942
169017.425
183120.841
197146.507
217136.57
225308.831
240389.706
253508.513
270054.792
283893.627
295747.66
310377.988
323862.775
338192.373
352113.932
366183.575
380364.838
394636.992
408385.606
422703.151
436637.675
450568.996
464897.174
481319.813
493069.061
507098.338
522965.647
535418.85
549139.137
563272.579
577362.537
591461.23
605344.044
619593.874
633604.45
647895.577
662328.998
675785.686
691872.789
704443.555
***
14104.451
28196.739
42329.225
56399.314
70483.576
84538.324
98602.768
112709.782
126812.768
140887.585
154933.777
169036.324
183201.966
197307.669
211228.023
225310.197
239378.142
253482.487
267705.801
285837.149
296278.055
310403.843
324053.496
337969.451
353940.431
366177.16
380313.299
394221.66
408444.266
422423.723
436728.996
450801.914
464717.088
478901.225
494716.594
509631.743
521386.113
536109.137
549298.519
563263.943
577491.222
591263.94
606094.435
619841.285
633784.498
647864.583
661972.422
676912.045
690136.3
704300.058
***
14136.074
28156.07
42286.379
56422.873
70421.906
84608.511
98592.61
112625.733
126809.974
140860.753
155034.475
169200.74
183266.974
197316.613
211329.775
225384.059
239545.212
253700.228
267634.697
281649.285
295682.249
309793.691
324124.309
338080.062
352096.825
370146.991
380866.838
394236.504
408355.822
422432.845
436698.3
450911.024
464873.061
478961.525
492994.586
507121.251
521261.051
535077.83
550114.875
563366.389
577657.393
591368.718
605645.495
620165.757
634110.912
649194.25
661897.216
676120.088
690185.694
705476.383
***
14101.148
28229.989
42310.707
56301.684
70476.499
84550.1
98493.949
112698.406
126816.934
140966.39
155111.687
169071.254
183188.232
197262.621
211408.946
225496.984
239496.407
253584.042
267701.431
282018.179
295904.88
309904.632
324015.865
337926.209
355623.915
366148.126
380187.183
396554.744
408364.279
422411.115
436573.555
453329.495
464773.256
480009.917
492952.869
507338.623
521196.414
535221.657
551441.758
563486.133
577536.023
591759.704
605790.099
620153.296
634030.587
647565.879
662315.086
676549.264
690365.628
704130.399
***
14123.22
28201.044
42274.603
56339.894
70401.08
84588.726
98596.998
112643.655
126636.658
140822.001
154916.79
168997.667
185272.17
197114.446
211400.073
225397.878
239504.298
253466.811
267701.163
281700.924
295726.601
309953.918
324033.444
338017.462
352130.907
366307.472
380432.973
394484.329
408387.796
425727.974
436419.546
450699.273
464772.153
479221.732
493001.999
507106.56
523624.037
535186.185
549230.135
563354.263
577584.522
591678.507
608765.991
619866.208
634102.475
648015.454
662818.844
676384.917
690733.773
706626.44
***
14133.152
28239.649
42277.438
56383.327
70411.755
84583.629
98575.167
112667.405
126728.004
140773.457
154911.248
169043.621
183835.602
197225.044
211341.678
225389.515
239465.687
253625.59
268029.985
281815.341
295919.519
309915.85
323980.015
338192.654
352236.345
366229.146
383763.82
394270.445
409844.937
422716.052
436785.996
450849.011
465065.944
480246.954
493066.681
510392.618
521061.157
535703.358
549171.013
563366.121
577428.637
591539.481
605702.559
620155.932
635391.726
647933.514
668595.283
676216.082
690095.41
704873.289
***
15115.976
30234.344
45217.452
60339.957
75505.952
90499.306
105533.292
120699.677
135692.873
150826.459
165900.701
181026.26
196149.136
211144.591
226255.953
242154.721
256432.058
271493.204
286500.173
302194.747
317146.939
331780.946
346914.346
361976.088
377150.092
393090.051
408004.971
422288.101
437600.532
452445.351
467600.081
482860.56
497782.745
512903.698
528049.157
543126.713
558319.064
573205.437
588448.716
607018.69
618680.784
633949.673
648623.599
663502.852
678963.168
693795.332
712253.465
727335.399
739279.45
754163.401
***
15115.988
30197.268
45314.496
60426.793
75444.315
90520.486
105613.114
120708.416
135822.615
150892.411
165984.16
181124.419
196240.459
211326.979
226232.739
242452.436
256414.395
271473.877
288670.636
301752.327
317093.184
331960.36
347005.868
362166.541
377230.723
392303.519
407448.649
422443.876
437440.329
452917.118
467599.186
482693.899
497854.179
512965.083
528174.293
543082.566
558325.552
576139.73
591312.431
603353.841
618651.148
633709.179
650107.222
663695.347
678771.878
693704.219
709340.179
724099.344
744315.31
754226.562
***
15142.256
30160.199
45247.276
60376.355
75435.73
90468.734
105591.266
120644.241
135770.959
150839.975
167556.049
180978.938
196198.969
211275.297
226264.419
241393.549
256115.064
271542.559
286696.932
301748.24
316901.808
331995.036
347007.789
361979.634
377250.081
392453.997
407475.676
422294.167
437547.956
454216.76
467549.128
482842.984
497915.526
513046.718
528202.315
543099.029
558067.649
573056.979
588159.55
604071.011
618553.623
634299.323
648728.276
663747.089
679059.723
694078.749
709100.212
726174.066
739071.327
754219.499
***
15101.514
30193.422
45295.073
60351.602
75804.901
90534.683
105562.806
120604.903
135713.418
150984.166
166648.585
180996.248
196095.091
211124.962
226229.596
241408.998
256436.113
271564.113
286830.859
301788.739
316660.557
331864.739
346923.788
362161.622
377107.752
392736.798
407244.893
422269.633
437430.357
453144.734
467708.596
482848.652
497796.383
513281.539
527962.659
543099.635
559326.647
573082.485
588379.994
604915.429
618555.886
633856.54
648862.694
663910.027
679208.247
693968.059
708839.394
726056.094
739080.508
754924.63
***
15105.443
30187.863
45320.457
60351.501
75523.639
90518.884
105614.029
120702.373
135735.422
150900.304
165892.118
181053.074
196160.931
211229.594
226327.129
241517.801
256489.053
271625.718
288397.558
301759.282
316868.473
331942.248
347143.456
362262.001
377141.455
392284.029
407310.27
422490.273
437522.424
454427.57
467814.751
482920.345
497732.721
513059.133
528545.749
543119.915
558284.417
575948.937
588411.748
603385.803
618398.163
636119.648
648901.273
663800.577
678735.985
694032.135
709262.541
724050.619
739455.466
761695.741
***