835.2
484.8
383.0
424.7
450.0
491.4
528.1
584.1
625.9
684.0
659.6
712.8
729.8
749.9
814.1
853.9
877.4
897.0
910.9
948.0
975.2
1020.8
1083.5
1073.0
1121.8
1151.9
1171.6
1224.3
1254.3
1260.6
1302.1
1318.2
***
323.4
295.3
348.7
356.2
358.3
383.9
392.0
401.4
416.4
451.8
482.6
453.2
466.4
464.9
498.3
507.6
533.2
552.5
562.9
550.9
587.4
595.5
620.2
616.2
653.4
675.7
662.9
690.3
688.0
707.2
733.0
755.4
***
408.7
392.1
422.5
469.9
488.2
514.8
569.2
568.4
610.3
651.9
692.3
692.8
765.4
797.6
790.2
815.9
839.9
894.3
921.3
958.1
971.6
1012.2
1064.6
1090.9
1124.2
1137.3
1155.2
1210.1
1251.6
1265.9
1288.1
1338.4
***
442.1
409.3
415.3
411.6
406.3
454.9
463.1
487.5
485.5
486.7
565.0
565.9
567.8
554.7
571.4
628.6
637.2
629.0
637.6
651.9
719.0
683.5
760.6
744.1
697.9
771.1
761.8
819.8
810.0
784.9
823.3
824.1
***
548.8
469.6
520.5
548.4
558.4
644.2
635.8
674.8
684.2
760.0
784.3
814.0
842.5
830.1
858.2
912.0
947.4
992.6
1009.7
1030.7
1089.0
1119.0
1157.4
1157.5
1214.8
1267.1
1266.7
1329.5
1322.7
1339.4
1385.1
1420.2
***
513.5
532.3
515.1
452.4
445.4
536.2
547.1
591.3
535.0
528.2
615.2
591.0
643.3
595.8
627.1
681.5
679.4
740.0
659.4
682.3
778.6
732.6
803.3
781.6
753.6
856.0
803.3
859.6
812.6
809.5
927.1
919.5
***
561.4
533.7
626.3
548.8
586.2
712.7
678.7
726.5
752.8
794.8
838.2
878.9
910.8
873.3
881.7
983.9
972.9
1062.0
1027.0
1061.6
1181.2
1194.1
1235.7
1184.5
1233.1
1321.2
1306.7
1378.6
1370.5
1375.2
1480.8
1467.2
***
447.8
389.5
406.3
416.7
421.9
479.3
468.7
503.8
475.1
519.8
543.0
546.6
573.9
576.7
572.0
627.5
621.0
624.6
622.7
627.6
688.6
687.6
722.2
710.7
712.9
761.4
766.3
783.7
775.8
801.5
877.0
860.3
***
530.4
482.5
543.1
541.0
567.8
665.3
650.9
697.5
695.8
742.0
778.4
817.7
882.8
848.8
893.9
949.8
982.6
1034.9
1007.2
1034.5
1091.0
1141.6
1161.1
1207.8
1166.7
1270.9
1325.0
1322.0
1309.3
1344.5
1413.0
1425.0
***
524.7
473.6
532.5
448.0
475.0
570.2
541.6
603.2
516.3
536.0
640.7
596.5
630.9
596.4
594.1
684.1
666.2
733.7
667.8
676.0
758.7
754.1
790.1
741.9
732.5
822.5
819.3
863.0
816.0
807.6
904.9
886.2
***
571.4
525.6
606.4
584.0
594.7
664.9
693.1
759.2
704.9
776.6
873.3
871.3
895.0
864.1
896.8
973.6
994.8
1065.6
1024.9
1061.6
1164.6
1134.7
1220.2
1198.5
1207.9
1324.0
1321.2
1351.6
1340.1
1346.8
1439.0
1452.8
***
591.0
600.9
574.0
505.7
515.9
624.3
643.8
654.3
569.4
606.7
704.4
770.8
711.8
657.7
708.5
755.1
773.7
768.2
749.4
745.5
814.6
861.4
829.6
817.3
794.5
917.6
924.4
925.6
872.4
888.1
959.8
1036.6
***
619.2
641.5
661.1
665.3
635.5
755.6
797.6
802.0
777.7
848.1
926.7
973.4
992.3
1010.2
1003.0
1066.0
1113.9
1127.7
1105.9
1157.8
1232.5
1291.1
1309.1
1264.0
1264.2
1406.8
1456.6
1484.4
1424.7
1442.4
1544.0
1571.9
***
671.5
637.3
653.0
568.7
566.9
697.6
674.2
728.8
631.5
620.6
765.6
779.5
778.5
718.5
715.5
808.1
844.4
840.4
760.5
811.3
920.8
971.5
958.7
834.8
857.2
970.8
1007.9
1000.4
962.5
945.9
1050.8
1084.5
***
685.2
692.9
725.0
699.7
680.3
830.1
861.4
878.6
829.1
838.4
988.4
1024.9
1082.1
979.6
983.9
1155.7
1168.0
1199.1
1113.8
1162.8
1274.6
1347.7
1373.5
1301.5
1333.9
1440.6
1503.5
1530.1
1447.4
1462.8
1611.3
1652.4
***
534.2
562.6
574.7
517.9
497.8
851.8
580.2
606.4
583.2
558.5
646.4
677.8
713.9
643.8
665.5
728.0
738.5
746.0
719.3
745.9
781.7
816.3
799.6
1123.6
821.8
858.1
901.0
907.4
851.4
852.0
925.2
951.2
***
654.1
595.5
653.1
642.5
622.7
720.8
760.9
766.4
763.4
835.2
848.4
918.5
916.4
907.4
910.3
1034.8
1079.3
1082.0
1055.5
1088.0
1143.8
1225.2
1247.7
1227.8
1257.1
1324.9
1362.9
1381.7
1362.4
1384.7
1465.5
1525.5
***
626.2
558.4
595.7
553.2
541.3
658.0
639.1
636.9
598.1
608.0
757.3
690.7
764.6
668.3
660.1
792.8
763.8
770.3
725.1
740.1
853.7
838.0
871.2
807.7
784.8
932.4
907.6
961.3
893.4
904.8
1020.1
993.4
***
666.6
659.2
686.7
641.9
673.3
765.5
813.9
819.4
790.8
819.5
938.5
929.2
983.2
944.7
987.2
1106.4
1086.6
1165.4
1090.0
1113.1
1251.1
1296.7
1330.5
1282.3
1305.1
1428.5
1448.4
1475.3
1465.1
1456.6
1564.5
1628.5
***
628.1
634.6
606.9
542.9
528.1
646.8
650.4
691.5
602.7
626.7
719.7
786.9
715.9
672.2
692.2
755.1
788.7
800.1
733.6
747.6
812.1
847.9
841.5
805.5
803.7
912.5
937.9
945.6
863.2
868.4
961.2
1039.0
***
654.1
642.1
676.9
657.1
691.6
756.4
813.5
867.0
784.1
820.8
910.4
955.1
958.3
953.3
960.7
1091.6
1102.6
1136.6
1111.0
1122.1
1221.4
1264.2
1270.2
1240.5
1299.2
1395.8
1466.8
1475.6
1435.6
1441.4
1537.0
1580.6
***
697.5
652.0
633.4
565.8
574.5
736.4
697.4
734.0
608.6
651.0
752.0
774.1
809.8
667.6
689.0
832.7
836.1
871.1
753.1
770.2
893.4
917.6
920.6
827.7
831.0
962.8
973.9
1002.0
899.1
934.4
1084.3
1064.6
***
1012.4
684.5
733.3
657.3
705.7
831.1
855.5
886.8
795.0
845.9
955.0
1011.1
1028.9
988.4
1004.2
1115.6
1205.9
1202.7
1174.8
1152.2
1297.5
1363.3
1394.6
1323.8
1343.7
1441.1
1499.6
1535.2
1490.1
1473.3
1584.3
1646.2
***
560.8
517.5
540.1
511.0
513.1
551.8
594.6
622.3
537.6
550.5
636.0
665.4
666.7
624.2
613.3
710.6
713.9
765.8
735.4
700.6
759.3
803.0
825.8
773.5
764.6
839.0
862.1
894.2
839.5
857.0
917.3
981.2
***
635.7
620.2
673.8
606.0
629.4
715.5
775.1
777.1
754.8
831.3
874.1
912.3
923.3
927.5
928.1
1038.3
1094.8
1081.5
1079.3
1112.3
1165.7
1238.3
1281.9
1221.9
1238.5
1341.1
1390.5
1418.1
1393.2
1410.6
1510.9
1542.0
***
667.8
571.4
608.4
548.2
560.1
684.6
609.4
671.7
608.0
619.7
708.3
712.1
733.4
642.5
685.3
783.9
756.5
798.2
731.3
748.3
871.8
824.1
1176.8
811.9
811.3
901.1
913.7
942.4
897.0
885.2
1008.5
1012.3
***
639.5
653.3
678.0
632.0
646.7
767.6
759.9
882.5
829.8
853.8
935.3
940.2
996.5
970.3
1001.1
1076.1
1102.1
1147.3
1123.4
1131.0
1229.4
1245.6
1319.5
1267.7
1296.7
1387.9
1426.0
1465.9
1411.7
1429.8
1545.1
1586.2
***
619.7
610.3
582.0
528.0
514.3
613.3
646.0
630.3
623.0
586.1
686.9
707.1
719.6
651.6
681.2
766.7
774.8
787.1
746.4
748.1
844.0
843.5
847.3
801.2
816.2
902.5
922.5
906.2
880.1
862.2
970.0
993.5
***
632.6
659.0
682.2
637.4
680.8
762.8
814.4
810.4
794.2
813.6
924.8
943.9
958.1
932.3
981.2
1081.5
1116.0
1135.1
1108.6
1101.8
1247.2
1277.2
1272.7
1252.8
1306.0
1377.1
1406.9
1431.6
1413.6
1441.4
1546.2
1584.3
***
681.9
659.5
673.7
565.1
561.9
683.0
695.1
740.9
605.0
640.4
766.4
757.8
776.7
722.9
700.4
844.0
842.2
891.7
793.5
771.7
896.9
901.2
934.9
858.5
864.9
972.9
1017.0
1025.9
916.0
920.4
1030.1
1139.5
***
719.9
754.0
740.2
678.5
706.0
821.9
888.3
931.7
828.2
853.1
989.5
1007.2
1059.1
974.0
984.6
1151.4
1194.6
1212.8
1119.0
1159.0
1262.3
1322.5
1378.0
1283.5
1296.1
1435.9
1469.0
1508.4
1422.1
1453.2
1589.7
1638.4
***
672.0
616.2
658.9
611.3
582.7
676.9
664.8
733.3
646.7
656.5
756.2
737.1
789.9
742.9
713.9
824.6
860.7
873.3
807.9
790.3
895.5
880.2
932.7
851.0
876.3
958.0
962.1
988.9
935.1
936.3
1051.0
1045.1
***
