789.2
495.9
407.4
451.5
493.9
513.9
510.9
530.8
628.0
688.5
689.0
691.5
1229.6
774.2
783.9
819.7
881.6
921.5
966.0
955.0
994.0
1002.5
1091.0
1083.0
1092.3
1176.3
1168.9
1222.0
1211.5
1278.4
1319.6
1353.7
1380.5
1418.1
1442.2
1455.6
1522.0
1527.1
1543.1
1581.6
1630.8
1633.2
1685.9
1709.8
2071.3
1771.6
1798.6
1847.2
1839.0
1875.2
1922.2
1941.0
1959.0
1989.0
2025.4
2070.7
2115.4
2139.6
2183.8
2215.1
2235.2
2278.7
2303.5
2317.9
***
333.6
308.9
324.2
324.7
335.8
350.3
364.7
381.2
404.1
422.4
445.1
468.3
468.4
497.7
491.8
505.7
524.3
532.4
562.3
605.1
594.6
601.1
615.6
656.5
653.7
680.4
698.2
668.8
712.4
751.1
728.0
741.1
778.3
787.0
792.6
779.1
810.2
816.4
845.1
844.1
876.5
882.0
908.1
906.0
929.3
950.6
987.6
982.5
984.1
1008.0
1020.0
1016.7
1067.5
1071.5
1084.1
1084.6
1128.4
1143.3
1157.0
1151.4
1179.0
1185.1
1204.7
1207.4
***
419.2
377.2
410.2
438.0
461.4
488.7
559.2
565.3
607.2
694.3
672.9
715.2
757.4
758.8
804.6
825.6
886.7
898.8
936.5
969.2
987.3
994.8
1050.4
1097.3
1115.8
1159.6
1172.7
1224.0
1222.9
1289.6
1333.8
1356.0
1370.8
1383.9
1430.6
1448.7
1499.0
1525.5
1565.6
1552.5
1620.7
1624.3
1719.3
1707.7
1763.5
1797.1
1815.0
1827.9
1880.4
1907.7
1939.9
1966.1
1978.6
2005.0
2033.9
2095.9
2113.1
2125.4
2495.0
2213.5
2242.5
2272.2
2290.5
2327.8
***
448.8
397.1
401.9
459.5
430.7
452.2
495.8
492.0
471.6
531.8
517.6
548.0
573.5
565.9
593.2
625.0
609.4
614.6
670.1
652.3
659.5
697.5
709.6
713.3
749.1
727.1
745.4
801.9
780.6
773.3
821.3
819.3
819.2
870.0
859.5
858.1
919.3
894.1
902.8
973.1
968.8
946.8
1014.5
1001.7
1003.9
1367.7
1057.9
1046.2
1124.5
1088.2
1104.2
1147.6
1147.2
1152.9
1188.3
1183.5
1198.0
1238.4
1232.0
1256.0
1276.0
1275.3
1299.0
1326.0
***
506.0
484.5
523.5
596.0
556.7
585.5
648.7
655.3
730.1
772.3
778.8
815.1
869.6
865.0
847.7
925.7
922.2
953.7
1036.7
1049.7
1053.7
1125.8
1142.5
1156.7
1227.2
1235.0
1229.3
1357.3
1343.5
1370.4
1412.8
1721.0
1419.2
1507.5
1514.0
1518.4
1617.6
1590.3
1613.7
1676.5
1704.7
1700.6
1776.8
1783.5
1806.8
1881.0
2166.3
1906.5
1967.8
1976.1
1987.2
2049.8
2086.5
2070.3
2165.9
2159.5
2181.9
2245.5
2266.0
2284.6
2690.5
2366.7
2361.9
2443.5
***
548.2
425.4
421.3
514.1
463.4
469.4
574.2
513.6
554.6
606.0
553.0
550.9
651.1
603.2
606.6
697.0
627.1
641.4
743.4
690.2
694.5
768.1
746.2
741.7
817.2
766.3
768.8
876.2
804.6
815.1
1245.8
859.2
850.0
959.9
886.9
926.4
993.4
987.6
979.6
1033.8
1020.8
1011.8
1078.9
1087.6
1063.2
1158.3
1073.7
1117.7
1176.0
1150.6
1148.6
1232.1
1203.2
1199.1
1281.0
1214.1
1239.8
1333.6
1281.0
1247.5
1345.6
1287.4
1282.2
1390.4
***
557.5
537.2
566.9
611.9
599.0
600.1
700.5
682.8
715.2
821.0
804.7
814.5
907.1
859.7
895.3
982.9
1001.4
1002.2
1071.4
1078.2
1108.5
1175.7
1166.0
1175.7
1296.9
1275.3
1271.4
1352.9
1327.7
1338.1
1439.1
1420.5
1476.0
1562.5
1518.2
1558.0
1651.0
1620.9
1637.9
1756.3
1746.4
1707.6
1838.9
1806.2
1853.9
1946.2
1918.0
1939.4
2059.8
2006.4
2009.4
2110.1
2099.4
2115.4
2248.3
2194.5
2221.3
2313.6
2273.2
2298.8
2403.9
2374.6
2404.4
2496.7
***
429.4
380.0
385.8
430.0
410.3
419.7
485.4
478.3
483.2
545.4
557.8
549.9
569.3
563.3
590.1
632.6
598.1
614.3
654.7
647.0
649.7
702.3
684.5
714.3
760.6
728.9
726.6
785.8
803.5
789.0
833.4
815.1
822.5
873.1
871.6
866.7
913.0
901.5
911.4
964.7
963.2
968.3
1000.4
1007.0
995.9
1045.4
1050.4
1064.0
1092.3
1125.0
1089.8
1161.1
1126.3
1149.0
1194.5
1175.1
1191.5
1258.7
1223.9
1214.5
1285.6
1272.8
1281.5
1356.0
***
535.4
506.9
520.1
575.4
597.6
582.6
625.6
660.8
693.1
768.6
791.3
791.5
828.1
838.0
853.5
948.1
954.8
949.9
1014.2
1041.1
1059.4
1101.0
1138.2
1164.1
1230.7
1204.8
1273.3
1337.4
1315.4
1337.3
1397.4
1407.3
1432.3
1495.9
1524.2
1566.7
1590.7
1586.6
1629.9
1672.2
1694.8
1734.0
1784.7
1801.8
1817.2
1894.3
1875.0
1900.0
1951.0
1961.0
1984.4
2059.3
2051.6
2094.9
2159.2
2192.7
2169.3
2260.8
2254.4
2273.8
2334.1
2339.9
2394.2
2453.4
***
559.8
430.1
428.8
524.2
465.9
486.0
574.1
508.0
506.7
634.0
561.3
549.2
670.4
591.8
610.0
690.8
634.4
651.0
759.5
664.0
674.6
791.8
703.7
726.6
877.9
790.1
803.1
881.6
819.7
794.4
902.3
850.2
867.8
968.5
941.8
919.4
995.5
945.4
950.4
1071.1
1005.0
983.5
1116.0
1031.8
1044.5
1174.5
1107.6
1106.6
1190.9
1107.8
1487.8
1228.2
1176.3
1167.4
1286.2
1215.1
1211.7
1318.7
1263.5
1266.4
1404.3
1313.5
1323.6
1427.9
***
542.7
488.7
531.0
651.9
593.4
630.0
712.8
703.2
694.1
836.1
816.6
797.2
906.1
877.0
877.9
987.0
962.8
971.4
1112.3
1397.4
1082.0
1189.0
1143.7
1181.8
1271.8
1246.7
1294.3
1419.9
1361.9
1370.4
1476.6
1474.9
1496.7
1581.9
1529.1
1578.8
1665.9
1644.4
1662.7
1742.6
1723.3
1748.1
1843.2
1825.2
1843.1
1926.0
1887.7
1903.8
2029.4
2021.2
2039.6
2121.5
2126.9
2112.4
2209.2
2179.9
2249.5
2317.8
2296.0
2307.0
2386.0
2349.7
2389.3
2483.4
***
583.2
545.1
554.2
559.1
517.4
533.3
589.0
577.6
609.0
624.2
615.3
627.7
696.7
653.9
672.1
714.9
695.2
724.1
775.2
735.9
766.9
827.6
823.0
807.6
840.0
845.4
817.7
883.8
857.1
891.9
918.3
917.1
937.3
1012.2
978.8
974.9
1049.4
1019.9
1002.7
1099.0
1051.8
1055.8
1132.3
1107.8
1119.6
1189.5
1143.1
1166.0
1208.6
1195.4
1219.8
1262.6
1252.7
1225.8
1276.8
1260.0
1278.2
1359.4
1366.0
1357.2
1406.9
1418.6
1397.5
1457.2
***
614.7
602.6
890.2
642.6
677.0
687.4
759.6
754.5
767.7
841.7
883.4
865.3
958.3
914.5
952.6
1012.2
1056.7
1082.9
1120.3
1470.2
1145.4
1245.6
1236.8
1246.6
1318.8
1337.8
1382.0
1428.7
1427.1
1453.9
1534.9
1510.2
1534.2
1595.0
1603.3
1647.4
1687.2
1712.1
1744.9
1778.9
1793.6
1806.9
1916.0
1882.7
1918.9
1971.8
1988.2
2023.7
2082.0
2390.4
2091.3
2160.1
2163.6
2178.3
2265.6
2254.4
2287.4
2345.9
2394.0
2398.5
2441.9
2460.1
2486.6
2566.5
***
644.1
544.0
564.0
635.1
551.4
571.2
671.8
643.5
607.2
709.8
648.6
690.9
763.4
703.7
729.7
818.3
759.0
736.0
852.4
813.7
772.7
894.1
805.7
820.5
915.0
856.7
849.6
972.2
922.1
936.1
1039.4
960.2
966.4
1367.7
1013.4
992.3
1144.8
1045.4
1066.8
1162.8
1116.8
1081.5
1258.3
1166.2
1145.6
1266.0
1167.4
1168.4
1332.9
1269.7
1253.4
1354.8
1274.4
1276.8
1375.8
1330.8
1317.4
1423.9
1363.3
1378.1
1497.8
1411.9
1384.9
1501.1
***
675.9
577.1
630.5
739.8
736.5
702.8
818.4
775.3
816.8
970.6
911.0
916.4
1025.8
1011.4
1002.2
1100.5
1122.4
1102.4
1235.5
1151.8
1205.1
1309.9
1264.4
1290.6
1401.1
1360.4
1399.0
1489.7
1443.2
1461.5
1576.1
1561.0
1559.3
1959.5
1650.0
1656.2
1786.7
1717.6
1738.9
1870.1
1833.0
1833.5
1938.8
1924.5
1914.3
2045.7
2029.4
2043.9
2149.7
2119.6
2115.0
2221.2
2201.4
2239.4
2318.1
2283.6
2312.6
2428.2
2382.7
2402.4
2517.6
2460.3
2485.0
2598.0
***
544.4
478.1
465.2
514.5
511.6
504.9
542.8
551.4
574.4
592.4
612.1
576.6
646.1
611.8
636.4
695.1
688.2
673.0
727.7
722.2
702.4
765.9
786.3
763.9
808.3
801.3
808.8
840.7
847.9
837.2
888.7
873.0
896.2
926.8
943.7
940.9
1014.9
989.2
989.6
1052.6
1035.6
1024.1
1075.9
1061.4
1088.3
1122.4
1113.9
1128.9
1171.3
1168.9
1163.7
1204.4
1226.7
1225.3
1263.9
1232.9
1241.6
1305.9
1289.1
1307.5
1354.2
1361.3
1373.8
1424.5
***
622.6
523.5
569.4
664.7
659.7
644.6
724.6
713.9
771.1
817.5
827.7
829.7
917.7
880.3
921.4
979.4
1008.3
1385.8
1094.3
1118.3
1120.0
1195.5
1193.6
1257.0
1305.6
1314.2
1344.4
1383.1
1378.8
1408.1
1467.4
1477.1
1508.1
1561.0
1586.3
1628.3
1639.9
1685.8
1695.8
1786.3
1753.5
1790.7
1820.7
1859.8
1870.5
1938.5
1944.3
1981.3
2027.2
2045.1
2072.0
2120.1
2125.6
2151.6
2217.9
2226.7
2265.9
2318.1
2317.6
2331.6
2421.0
2414.2
2456.3
2505.8
***
614.0
500.7
494.8
604.9
555.7
553.4
635.1
577.2
599.0
701.4
670.6
627.4
721.9
670.5
662.2
780.5
716.3
702.5
831.2
767.9
759.7
860.1
778.9
779.2
890.5
827.0
828.1
950.8
892.0
879.4
997.3
922.3
917.1
1050.9
967.3
973.0
1058.3
1028.6
1011.6
1125.5
1067.2
1066.5
1163.2
1097.1
1104.1
1230.5
1143.7
1128.6
1293.5
1209.0
1195.6
1295.1
1235.2
1274.6
1333.4
1266.0
1271.6
1366.9
1307.0
1313.7
1417.7
1337.9
1359.8
1487.5
***
675.1
551.1
591.6
702.0
666.1
668.6
792.3
748.1
757.6
891.5
867.3
888.6
1030.2
954.7
958.5
1076.7
1042.6
1083.6
1163.1
1124.4
1144.9
1242.0
1237.8
1246.2
1356.6
1344.4
1355.8
1468.3
1428.4
1454.6
1524.7
1508.7
1849.3
1631.4
1603.9
1649.2
1708.9
1693.0
1712.3
1816.6
1787.8
1829.5
1959.8
1912.7
1950.4
2028.4
1985.2
2029.1
2098.3
2094.4
2088.4
2196.5
2165.0
2185.4
2278.7
2260.2
2272.9
2377.4
2345.5
2367.6
2463.6
2441.4
2449.7
2560.7
***
581.7
525.3
486.3
544.7
544.2
545.5
609.5
561.7
565.9
643.2
641.2
636.8
668.9
675.2
711.7
697.2
684.7
736.1
761.2
749.4
738.9
831.5
845.9
814.2
873.6
840.2
846.9
879.5
892.3
885.7
988.6
968.8
955.3
975.8
952.5
995.3
1055.5
993.0
1025.2
1104.1
1060.9
1089.0
1106.6
1102.2
1099.6
1199.4
1475.5
1198.5
1230.0
1169.7
1205.7
1303.8
1261.1
1266.8
1295.4
1274.1
1274.3
1315.2
1324.9
1334.0
1378.4
1381.8
1724.2
1418.8
***
614.8
566.8
608.7
686.7
663.8
715.8
764.4
724.1
794.8
894.5
861.2
904.1
928.1
937.5
979.9
1073.3
1043.9
1061.6
1171.4
1135.9
1147.2
1225.9
1204.4
1287.3
1334.2
1307.0
1337.7
1407.6
1405.9
1445.3
1493.2
1514.4
1561.0
1604.5
1582.9
1616.8
1691.9
1717.8
1706.9
1789.0
1787.5
1797.0
1856.0
1866.9
1915.1
1987.2
1991.2
2006.4
2070.3
2057.5
2125.4
2175.1
2170.2
2198.4
2301.8
2296.4
2299.5
2357.8
2351.9
2392.9
2454.7
2456.8
2473.4
2531.5
***
652.5
551.7
528.3
647.3
614.3
577.3
670.1
603.7
631.5
714.6
669.2
669.8
772.0
697.0
688.9
834.6
751.6
747.8
832.4
774.4
811.8
926.4
849.3
856.0
969.4
900.6
897.3
1016.9
920.1
927.5
1041.6
991.7
970.5
1069.8
1034.3
1002.4
1122.7
1056.3
1053.6
1172.7
1104.9
1087.2
1240.4
1133.9
1147.6
1258.9
1195.4
1180.4
1294.1
1251.4
1242.6
1363.1
1287.3
1263.8
1366.2
1307.5
1302.5
1420.4
1378.9
1394.5
1498.3
1412.0
1396.8
1514.9
***
652.6
591.3
618.9
733.8
735.5
697.2
849.2
838.7
825.2
959.0
885.3
904.5
990.3
1287.2
1024.5
1093.0
1068.4
1097.6
1192.1
1220.2
1186.7
1305.7
1282.7
1276.5
1368.1
1335.8
1349.2
1449.0
1420.0
1448.5
1544.1
1561.0
1579.7
1671.1
1668.6
1646.0
1770.1
1725.1
1750.2
1869.5
1866.9
1838.4
1989.1
1928.8
1985.2
2062.5
2010.1
2015.9
2119.2
2081.0
2112.3
2240.7
2188.1
2214.2
2333.2
2320.6
2314.8
2403.9
2395.2
2397.4
2523.5
2494.2
2546.3
2634.0
***
540.6
492.1
492.7
554.5
500.7
502.9
548.6
539.8
535.6
609.2
586.2
586.8
631.9
649.8
638.2
681.1
659.2
689.6
729.0
703.7
745.2
755.4
753.1
752.6
838.5
836.8
813.7
1167.6
848.2
870.8
900.1
905.8
920.2
962.2
940.8
951.0
988.9
974.4
1029.2
1038.1
1039.4
1026.2
1098.5
1075.2
1063.2
1146.9
1127.6
1128.8
1180.5
1146.4
1158.5
1217.2
1195.9
1197.9
1266.5
1272.2
1253.0
1294.9
1274.1
1276.3
1328.8
1309.3
1326.0
1368.2
***
574.7
578.2
591.1
639.7
639.0
647.6
733.7
694.4
781.3
858.1
818.9
839.0
896.0
906.6
946.5
993.2
995.3
1037.8
1129.6
1083.3
1149.2
1187.7
1203.9
1202.2
1263.7
1292.0
1300.1
1363.7
1369.0
1685.4
1483.0
1466.1
1502.3
1583.5
1577.9
1579.5
1664.8
1651.4
1695.1
1733.1
1775.5
1793.1
1856.7
1870.7
1885.8
1949.9
1931.3
1984.0
2031.9
2067.0
2060.5
2136.7
2140.5
2157.8
2234.3
2208.4
2258.8
2348.0
3041.3
2365.2
2411.1
2418.5
2423.5
2496.2
***
618.7
526.2
491.1
604.2
561.0
528.5
607.4
571.0
579.3
677.0
624.9
616.5
724.0
664.9
672.7
753.9
711.3
702.3
830.4
758.8
750.0
846.6
781.5
812.0
904.0
850.5
858.3
933.4
901.2
884.9
1009.5
942.0
935.6
1038.5
968.2
1009.4
1079.4
1029.1
1064.9
1110.0
1079.9
1060.9
1192.6
1111.2
1165.2
1215.2
1140.3
1197.3
1260.7
1187.2
1193.3
1317.2
1251.8
1269.9
1324.7
1266.4
1271.0
1355.3
1299.4
1306.4
1412.9
1345.5
1354.9
1470.6
***
670.5
550.8
592.5
711.5
708.5
679.1
819.3
783.0
770.1
899.3
852.8
909.9
1007.9
960.6
944.0
1057.3
1044.6
1081.0
1149.4
1146.1
1134.7
1298.5
1225.9
1237.7
1355.7
1310.8
1380.6
1451.1
1430.5
1457.5
1531.2
1508.2
1553.3
1643.5
1603.8
1674.6
1734.3
1720.7
1713.6
1821.9
1779.1
1817.8
1933.8
2183.1
1969.6
2048.3
1974.2
1993.1
2098.9
2083.5
2096.5
2199.9
2146.4
2226.7
2284.4
2265.8
2290.6
2708.0
2344.2
2367.0
2465.9
2427.1
2465.0
2552.1
***
553.9
576.2
516.2
542.2
546.6
538.4
613.2
611.0
561.7
629.0
621.1
614.5
705.5
666.8
662.4
722.2
688.1
720.0
767.7
730.1
743.9
848.8
819.0
817.0
850.0
824.7
852.5
901.0
858.5
898.1
946.3
918.8
912.9
974.0
959.9
998.7
1037.6
1004.6
1040.2
1075.3
1072.7
1074.4
1106.4
1427.2
1131.8
1151.6
1190.1
1172.9
1189.6
1206.7
1203.3
1246.3
1216.9
1233.1
1284.8
1320.1
1341.4
1380.5
1359.8
1651.1
1443.3
1398.0
1386.3
1436.7
***
623.8
570.5
665.7
668.5
677.1
688.5
729.4
771.3
800.2
862.7
863.6
867.6
941.9
932.4
969.2
1025.7
1082.2
1066.0
1123.2
1183.3
1176.2
1250.0
1226.1
1245.2
1386.7
1341.5
1359.9
1426.9
1438.6
1486.3
1540.5
1527.9
1532.7
1606.7
1607.3
1615.5
1729.7
1689.8
1729.1
1822.6
1771.2
1810.1
1866.0
1891.5
1910.0
1976.3
1976.2
2009.6
2047.9
2096.4
2114.5
2161.2
2186.1
2185.0
2256.7
2248.2
2267.7
2373.4
2349.8
2372.5
2488.1
2468.2
2482.0
2517.2
***
649.1
565.1
570.5
617.9
598.4
579.5
687.5
607.4
630.9
719.5
693.0
641.1
769.6
726.6
702.2
833.5
759.4
734.2
861.5
782.2
789.7
921.8
862.0
842.3
946.0
903.0
865.7
974.8
911.7
935.9
1032.4
957.0
975.0
1068.4
1043.7
1003.1
1113.3
1065.7
1071.7
1173.7
1108.4
1110.1
1228.9
1157.3
1141.1
1241.9
1176.7
1178.7
1312.6
1246.4
1227.3
1342.3
1259.1
1262.8
1397.0
1311.8
1316.6
1430.2
1372.3
1353.4
1469.7
1428.5
1448.6
1541.9
***
674.3
652.9
619.8
747.4
741.3
691.4
850.4
810.5
796.8
915.8
889.4
891.8
1004.7
1005.0
1017.3
1099.1
1094.1
1129.2
1195.4
1165.6
1201.4
1283.1
1268.1
1287.4
1373.8
1362.4
1658.4
1487.2
1451.1
1469.5
1586.3
1550.1
1562.0
1642.7
1613.6
1648.2
1764.9
1721.6
1751.5
1865.8
1804.7
2131.7
1939.3
1915.2
1915.7
2053.1
2042.7
2018.2
2135.6
2143.4
2129.0
2231.7
2182.9
2228.1
2321.6
2569.9
2310.6
2422.1
2373.3
2394.6
2521.2
2480.4
2485.4
2603.5
***
611.7
567.6
546.4
582.8
588.5
609.8
607.4
604.0
620.0
659.5
702.0
674.1
723.7
729.2
712.4
752.0
751.8
748.6
822.5
827.3
812.5
846.5
832.3
853.2
884.3
894.7
892.6
920.6
928.5
943.0
984.5
978.8
986.0
1015.1
1038.4
1042.2
1068.5
1070.1
1065.8
1093.2
1397.5
1124.9
1136.7
1177.4
1157.0
1201.9
1197.7
1208.8
1227.0
1237.7
1244.4
1276.1
1283.9
1295.0
1340.1
1350.2
1656.4
1396.2
1386.7
1400.0
1416.5
1441.7
1436.5
1433.5
***
652.3
654.1
662.8
702.6
736.8
729.7
797.4
837.3
808.1
900.8
882.7
918.6
954.1
972.4
1018.3
1102.1
1085.0
1119.7
1183.3
1195.6
1218.7
1269.9
1265.7
1282.1
1370.1
1383.5
1422.6
1477.6
1482.1
1478.2
1514.1
1554.1
1617.4
1644.3
1692.3
1689.8
1752.4
1786.3
1766.7
1826.9
1873.7
1888.3
1933.6
1943.7
2003.3
2047.3
2040.8
2052.8
2093.9
2125.7
2160.6
2216.4
2209.9
2245.3
2315.7
2326.4
2346.9
2392.9
2438.7
2447.3
2493.1
2499.4
2514.9
2576.9
***
713.5
598.2
596.3
681.3
601.9
620.7
697.2
626.7
654.8
736.0
712.6
686.1
809.4
771.4
734.7
828.6
760.3
795.2
927.5
858.2
861.3
933.7
904.5
894.3
1009.9
926.1
903.0
1019.3
941.1
967.2
1062.9
983.7
984.4
1106.8
1028.9
1093.5
1157.0
1080.2
1103.9
1214.9
1130.8
1151.5
1214.8
1164.4
1188.5
1289.8
1225.6
1219.3
1318.7
1269.5
1263.5
1384.3
1321.9
1333.7
1427.5
1350.3
1371.4
1446.2
1382.5
1391.9
1492.8
1482.1
1447.4
1539.1
***
710.7
623.1
686.6
789.7
737.6
772.2
879.7
809.4
842.2
936.7
933.9
936.2
1040.2
1062.7
1019.6
1130.7
1128.3
1109.8
1239.8
1232.7
1226.4
1344.8
1308.4
1338.0
1398.3
1376.1
1409.6
1487.9
1508.0
1500.6
1615.5
1579.4
1655.8
1682.8
1642.3
1706.9
1783.0
1783.5
1796.6
1876.2
1865.8
1867.8
2002.5
1930.5
1952.7
2065.1
2056.8
2065.6
2159.9
2137.4
2159.3
2262.0
2254.6
2240.5
2354.9
2330.8
2360.6
2462.6
2452.1
2485.0
2524.5
2495.8
2520.5
2599.6
***
631.2
571.0
565.5
635.6
611.3
654.0
641.2
641.5
649.2
716.1
689.8
678.2
761.0
727.6
731.9
816.6
769.8
774.0
820.8
827.8
859.4
893.6
889.9
906.3
944.8
942.5
887.1
962.0
924.9
957.8
1011.4
987.0
998.6
1040.2
1065.5
1053.1
1104.5
1056.5
1113.8
1137.8
1134.9
1135.9
1192.3
1183.1
1172.2
1239.0
1229.9
1206.3
1269.7
1245.1
1302.8
1353.9
1333.3
1337.3
1380.8
1395.5
1401.2
1433.4
1390.0
1379.9
1430.5
1431.3
1448.6
1507.2
***
692.6
656.8
662.2
755.0
733.0
741.7
839.1
811.9
850.4
931.9
913.9
924.0
999.9
1000.7
1050.5
1153.1
1110.1
1148.8
1203.2
1528.3
1234.1
1291.4
1271.8
1318.1
1414.6
1409.2
1432.6
1474.8
1471.5
1487.4
1562.1
1577.9
1602.8
1684.5
1644.7
1722.3
1763.5
1743.5
1776.3
1875.4
1874.7
1914.4
1966.7
1974.1
1983.7
2040.7
2028.2
2037.5
2162.0
2139.9
2149.3
2231.4
2257.0
2234.8
2324.2
2318.3
2328.5
2388.1
2411.9
2413.5
2510.2
2507.8
2541.9
2617.7
***
735.2
634.2
678.6
690.1
664.1
663.1
742.2
692.1
685.9
801.3
733.8
757.1
830.7
803.1
810.0
1207.2
816.7
814.8
907.5
861.1
870.8
953.4
904.5
917.7
1009.4
983.6
973.0
1063.1
999.2
1052.0
1114.7
1052.6
1105.4
1145.2
1101.9
1085.5
1224.2
1142.6
1173.9
1220.8
1170.6
1201.9
1300.8
1255.1
1257.5
1304.0
1268.9
1284.9
1350.3
1319.1
1318.0
1364.9
1340.2
1356.6
1417.3
1399.4
1433.8
1511.5
1451.5
1465.4
1555.8
1498.7
1479.7
1578.9
***
762.5
710.3
748.8
777.3
821.9
855.2
898.5
901.3
899.7
996.6
986.9
1040.0
1068.2
1051.1
1097.6
1191.8
1153.7
1199.1
1277.1
1263.6
1284.6
1338.1
1378.3
1424.0
1459.5
1474.0
1483.7
1546.3
1536.4
1561.6
1664.7
1962.6
1694.6
1744.8
1778.4
1745.5
1844.3
1802.1
1863.2
1959.6
1923.2
1936.3
2015.4
2000.2
2051.9
2112.8
2092.0
2108.9
2210.1
2193.3
2235.2
2305.8
2287.2
2341.7
2396.3
2374.7
2424.1
2519.7
2492.2
2828.2
2591.8
2578.8
2625.7
2669.0
***
652.9
635.8
573.1
637.3
631.3
642.8
652.9
642.9
646.1
748.2
682.5
680.4
752.7
723.8
741.9
833.6
797.2
787.6
830.0
824.5
792.1
891.4
879.5
865.6
923.1
914.9
891.8
973.2
974.1
989.1
1014.5
990.8
1027.6
1086.4
1044.6
1099.2
1120.6
1109.1
1079.1
1178.1
1155.4
1150.8
1196.4
1167.4
1178.3
1273.8
1239.0
1214.5
1297.4
1299.9
1286.8
1327.8
1331.1
1291.2
1349.0
1345.7
1335.4
1402.9
1381.6
1423.5
1487.7
1470.1
1448.6
1532.9
***
732.1
681.6
706.8
737.5
742.0
762.9
831.4
811.9
822.2
950.5
938.0
953.5
1592.0
1026.8
1013.8
1130.5
1125.4
1119.9
1196.8
1220.0
1204.5
1350.7
1311.9
1327.5
1381.0
1359.0
1392.0
1475.9
1858.7
1502.5
1567.6
1578.6
1598.0
1671.1
1719.9
1666.4
1782.2
1783.8
1778.1
1876.9
1862.4
1876.6
1960.2
1957.6
1963.5
2064.6
2076.9
2096.4
2128.4
2154.3
2150.4
2252.7
2250.6
2286.7
2347.8
2342.8
2333.5
2412.4
2423.3
2421.7
2498.4
2513.6
2540.4
2627.6
***
720.0
587.9
607.5
756.5
625.1
661.8
757.1
661.3
683.6
785.5
714.1
747.3
836.3
769.2
770.9
851.5
792.4
834.0
907.5
850.7
866.6
972.3
921.5
903.2
999.5
929.5
962.6
1066.4
972.8
994.1
1105.5
1031.7
1032.6
1170.3
1061.5
1113.7
1178.0
1109.9
1106.3
1226.2
1185.4
1463.9
1293.5
1231.2
1229.7
1319.7
1231.0
1240.0
1349.5
1299.7
1334.7
1416.1
1360.2
1359.1
1471.3
1373.6
1406.3
1485.1
1436.3
1469.1
1542.5
1475.9
1510.0
1579.6
***
725.5
708.4
687.6
776.5
820.4
792.7
871.4
819.9
859.5
971.6
969.7
983.2
1114.7
1049.4
1054.0
1176.2
1134.5
1177.8
1244.6
1221.6
1271.0
1357.8
1327.9
1340.7
1435.3
1404.4
1441.0
1523.2
1531.1
1575.1
1630.6
1614.0
1628.5
1719.1
1697.4
1730.2
1821.0
1777.5
1820.0
1938.8
2217.2
1945.5
2046.8
2002.7
2020.4
2086.3
2121.0
2095.3
2194.8
2163.1
2193.4
2322.1
2280.2
2297.3
2676.0
2325.0
2355.4
2474.3
2442.7
2464.2
2548.5
2542.5
2581.5
2671.3
***
690.6
660.9
662.3
640.4
985.0
664.9
713.2
697.2
695.8
734.6
737.1
756.5
802.4
765.4
784.8
794.4
807.1
845.8
897.3
903.3
904.3
925.2
946.3
909.6
945.7
944.7
978.0
987.0
1013.2
1019.3
1026.3
1066.8
1058.3
1066.8
1107.0
1090.1
1135.5
1132.3
1189.6
1186.6
1184.9
1207.7
1218.6
1217.4
1216.2
1265.9
1296.0
1270.8
1331.7
1353.2
1317.6
1367.0
1370.7
1384.9
1433.4
1410.7
1440.8
1433.4
1463.9
1494.1
1492.2
1468.8
1486.7
1553.5
***
735.3
692.7
744.7
772.7
804.5
849.4
836.3
862.9
869.8
970.9
980.9
1008.8
1068.1
1048.4
1100.1
1168.8
1132.8
1205.2
1235.8
1247.4
1291.1
1332.8
1362.7
1361.2
1415.5
1432.5
1452.0
1491.6
1517.9
1583.4
1600.8
1659.1
1649.4
1695.2
1730.9
1773.6
1778.0
2118.6
1835.2
1898.1
1917.1
1968.4
2031.6
2018.2
2025.5
2075.8
2089.8
2098.6
2192.8
2181.2
2207.5
2585.8
2282.3
2307.7
2377.2
2366.1
2401.5
2462.9
2472.0
2476.1
2529.2
2600.6
2605.9
2625.1
***
731.4
631.9
657.5
755.0
671.4
688.3
762.8
720.4
734.5
810.5
753.7
773.4
871.0
814.5
817.1
884.3
841.1
840.3
915.3
890.8
922.3
1004.0
931.8
960.1
1008.7
996.9
993.5
1070.4
1045.6
1041.6
1109.3
1102.4
1080.2
1171.4
1395.2
1171.0
1194.6
1172.3
1180.5
1221.2
1195.3
1237.7
1302.1
1265.1
1270.4
1329.6
1290.2
1306.0
1400.4
1353.6
1665.9
1426.5
1375.5
1406.8
1487.7
1463.1
1440.6
1493.9
1475.9
1504.7
1562.5
1549.8
1534.8
1590.3
***
751.5
715.8
765.5
788.8
802.1
861.6
919.3
933.3
933.9
1042.5
1013.0
1008.8
1085.8
1119.3
1106.8
1241.1
1195.0
1194.8
1315.0
1252.2
1302.3
1433.8
1389.1
1433.9
1503.4
1460.4
1483.8
1555.5
1586.5
1582.9
1676.7
1651.4
1680.2
2059.3
1740.6
1752.9
1852.8
1815.6
1850.8
1914.0
1908.6
1945.4
2030.2
2038.7
2066.1
2132.8
2142.2
2139.0
2233.2
2215.1
2261.1
2320.3
2310.2
2334.9
2408.7
2398.7
2442.7
2513.7
2494.0
2501.2
2604.8
2595.6
2624.9
2684.1
***
604.3
562.9
552.1
569.0
593.6
583.2
622.8
602.5
613.4
647.6
678.5
674.7
715.6
700.2
711.7
757.8
758.1
745.2
781.3
833.1
802.1
833.2
849.2
849.4
881.6
887.0
886.3
923.5
933.9
945.4
979.0
1006.4
990.7
1014.2
1041.1
1028.4
1047.2
1100.3
1074.7
1111.7
1096.2
1134.0
1148.1
1175.8
1160.7
1201.6
1229.5
1500.5
1232.4
1256.9
1259.5
1280.2
1283.7
1282.3
1305.0
1309.2
1326.0
1357.7
1374.5
1378.8
1416.4
1407.0
1422.7
1444.9
***
649.1
641.6
643.2
693.8
763.4
704.4
792.1
834.6
821.5
895.7
892.3
929.0
956.2
981.2
999.6
1089.9
1122.3
1112.9
1175.8
1186.0
1219.0
1234.9
1280.4
1329.5
1375.8
1391.3
1418.6
1458.5
1486.4
1538.8
1555.3
1530.2
1579.3
1655.8
1660.3
1703.0
1708.7
1747.1
1779.9
1815.5
1829.5
1857.8
1917.6
1930.5
1976.4
2000.4
2030.0
2047.4
2109.5
2119.0
2121.7
2219.9
2215.1
2247.3
2294.9
2316.0
2342.9
2382.0
2414.8
2422.6
2482.7
2525.5
2533.8
2563.1
***
693.8
583.2
551.2
673.9
614.2
639.6
690.0
630.0
642.7
760.1
703.1
693.7
811.1
739.3
736.6
834.9
787.2
804.8
866.8
820.9
820.7
918.1
848.0
861.2
949.6
894.7
918.2
1004.9
970.9
944.4
1040.0
1000.5
1013.3
1099.2
1061.2
1035.8
1180.2
1101.3
1106.1
1177.1
1113.0
1132.3
1219.6
1186.3
1159.4
1240.4
1207.3
1274.8
1333.0
1263.5
1260.5
1357.0
1303.9
1310.1
1424.2
1352.8
1381.8
1443.6
1384.7
1403.6
1518.9
1442.5
1432.4
1528.1
***
711.8
653.9
663.4
780.1
733.3
764.8
890.2
828.5
851.8
942.9
934.9
929.8
1059.8
1034.7
1013.0
1141.8
1121.6
1123.5
1248.2
1233.7
1228.1
1338.1
1310.4
1331.4
1409.5
1364.5
1390.9
1504.0
1484.1
1814.8
1589.7
1579.0
1609.6
1710.3
1695.2
1694.2
1815.2
1760.0
1771.4
1889.4
1842.4
1895.6
1999.8
1944.4
2003.8
2058.6
2063.3
2067.4
2134.2
2158.6
2161.4
2285.9
2233.4
2255.3
2360.6
2373.4
2367.8
2470.0
2417.3
2436.3
2561.3
2523.2
2548.5
2623.4
***
673.0
566.6
559.9
641.4
616.8
663.2
648.1
654.6
656.1
711.1
717.1
708.6
763.1
739.9
740.2
778.4
787.9
804.5
833.2
842.6
813.2
861.1
836.5
853.5
893.9
910.8
1243.4
980.3
966.3
948.2
1018.9
997.4
1014.0
1055.4
1047.3
1055.0
1085.5
1096.6
1067.6
1162.5
1123.2
1139.4
1176.7
1151.5
1214.8
1244.8
1214.7
1217.1
1287.1
1278.7
1274.8
1327.2
1296.7
1293.2
1336.0
1341.9
1337.0
1382.7
1367.6
1388.7
1451.8
1445.4
1442.6
1494.2
***
705.1
622.3
692.7
724.6
724.6
774.0
802.4
812.3
842.4
953.0
931.3
953.5
1030.1
1004.2
1038.8
1136.8
1105.4
1136.3
1178.8
1224.4
1232.2
1304.5
1331.5
1318.8
1396.2
1376.7
1395.0
1471.4
1475.1
1521.4
1571.7
1562.7
1619.2
1642.9
1684.9
1683.3
1803.1
1745.1
1778.1
1837.3
1865.8
1905.8
1959.8
1945.9
1969.5
2025.8
2056.3
2080.8
2112.1
2180.6
2172.3
2246.5
2246.0
2249.9
2339.2
2329.9
2335.2
2419.5
2425.5
2447.0
2491.1
2500.3
2537.0
2604.5
***
728.2
620.7
641.1
675.6
637.7
682.9
723.2
702.1
704.1
768.1
762.9
780.6
804.2
776.0
800.6
859.2
828.2
813.1
899.4
849.5
870.2
934.8
911.7
917.8
1019.1
972.8
965.7
1028.9
996.8
1007.4
1086.7
1063.3
1038.0
1124.1
1103.6
1090.0
1183.5
1136.0
1135.9
1205.0
1161.7
1199.0
1259.8
1230.2
1246.2
1311.6
1258.9
1265.1
1331.5
1308.4
1303.8
1379.5
1355.7
1371.1
1420.2
1387.5
1406.5
1478.1
1446.8
1449.2
1540.5
1520.3
1481.7
1572.9
***
739.9
693.3
714.0
804.7
778.7
808.2
858.2
875.0
894.8
1021.3
982.1
999.1
1056.0
1094.6
1115.8
1153.4
1145.6
1190.7
1263.3
1292.9
1303.2
1340.0
1317.9
1376.8
1471.6
1455.9
1465.2
1513.3
1530.1
1565.2
1633.4
1638.7
1635.3
1730.1
1729.4
1753.4
1850.0
1821.0
1828.9
1941.4
1944.3
1954.8
2003.5
1996.0
2010.6
2116.2
2124.2
2115.4
2206.5
2197.2
2263.9
2303.5
2278.5
2327.3
2426.5
2406.5
2425.2
2502.0
2489.8
2507.3
2614.3
2568.9
2587.0
2670.1
***
635.0
593.4
576.4
635.1
661.9
600.8
681.4
659.1
648.8
693.6
695.3
714.1
749.7
737.1
747.0
798.6
793.8
770.2
827.7
817.7
837.6
894.4
871.8
905.0
934.0
910.1
922.4
1009.5
975.6
953.0
1012.3
994.7
1030.3
1065.4
1047.7
1046.8
1099.6
1106.4
1092.4
1163.8
1161.5
1136.8
1230.1
1188.7
1174.4
1285.9
1254.7
1228.4
1286.6
1286.2
1273.7
1349.5
1341.1
1325.1
1384.2
1393.6
1378.8
1430.4
1406.8
1410.9
1462.4
1473.9
1444.7
1504.4
***
708.0
635.0
653.4
760.1
746.9
737.9
874.5
851.2
829.2
951.5
928.2
968.6
1020.3
1057.6
1029.0
1094.4
1143.1
1126.5
1204.7
1189.3
1215.9
1326.9
1320.9
1307.0
1378.9
1409.5
1430.7
1494.2
1493.7
1491.2
1607.1
1577.2
1589.1
1681.4
1686.5
1721.8
2106.4
1786.0
1781.5
1859.8
1860.2
1847.8
1939.0
1937.3
1962.8
2043.8
2077.6
2068.1
2139.6
2162.2
2172.8
2239.6
2255.5
2260.0
2330.3
2343.0
2333.5
2413.3
2424.3
2423.5
2519.9
2537.8
2584.8
2617.0
***
720.7
629.3
609.1
693.4
638.9
687.8
730.8
672.6
701.6
763.2
712.9
758.7
821.7
752.3
743.1
850.5
779.9
816.9
918.4
839.8
855.1
956.8
873.8
890.9
976.2
947.3
957.8
1048.6
979.9
993.1
1073.9
1019.9
1061.0
1117.7
1089.5
1075.7
1181.9
1098.4
1135.1
1212.3
1155.3
1159.8
1249.7
1180.2
1225.8
1332.2
1274.3
1253.5
1358.7
1298.3
1295.3
1384.6
1349.2
1328.8
1456.0
1386.3
1414.7
1512.5
1415.4
1411.1
1522.5
1486.5
1465.9
1591.0
***
740.2
676.7
694.9
819.1
775.5
766.1
883.3
847.7
894.5
1027.9
984.8
961.9
1077.4
1057.6
1053.9
1185.8
1148.3
1174.5
1239.3
1226.9
1286.2
1387.2
1369.1
1357.9
1447.1
1431.7
1455.3
1559.0
1503.6
1534.7
1623.1
1600.2
1613.7
1753.2
1695.0
1719.5
1844.0
1776.4
1816.4
1930.3
1879.4
1921.8
2017.7
1964.1
2031.1
2120.1
2073.2
2124.3
2231.2
2178.1
2181.0
2283.7
2272.8
2280.1
2380.3
2339.6
2393.6
2478.5
2467.0
2479.0
2559.3
2825.2
2577.7
2669.3
***
699.0
619.5
618.5
647.2
671.4
700.8
673.1
691.8
734.2
732.6
742.7
767.6
775.3
783.1
786.5
833.5
861.0
813.4
856.4
850.0
872.7
892.9
901.1
905.6
932.6
945.4
980.1
1011.3
996.1
1017.6
1062.2
1028.0
1046.2
1103.1
1077.1
1131.7
1133.3
1166.7
1125.0
1170.3
1164.2
1173.8
1235.3
1247.0
1202.7
1258.7
1295.5
1287.8
1311.3
1326.1
1328.5
1361.7
1376.6
1379.3
1400.5
1417.9
1454.1
1435.3
1433.6
1446.8
1481.5
1511.5
1486.1
1550.0
***
726.0
691.6
792.2
777.0
777.7
871.1
847.5
883.0
871.6
943.3
954.5
987.3
1060.5
1059.8
1081.3
1187.6
1131.2
1233.4
1256.6
1234.4
1308.1
1334.2
1346.0
1346.7
1410.5
1419.0
1436.3
1504.6
1534.6
1568.4
1649.7
1632.0
1646.2
1686.4
1736.8
1754.0
1775.7
1794.6
1847.8
1869.5
1921.1
1920.9
2009.5
1994.7
2045.7
2095.3
2082.3
2159.9
2163.2
2214.9
2197.4
2288.0
2283.0
2309.9
2368.7
2370.9
2374.7
2429.6
2447.5
2487.2
2533.9
2550.6
2594.6
2671.0
***
740.0
639.7
682.3
728.3
687.9
706.1
741.3
708.5
752.0
799.6
781.7
764.9
857.3
817.3
822.9
915.3
841.1
881.0
925.8
907.8
908.1
1002.1
944.6
935.6
1022.5
993.7
1032.1
1068.1
1047.9
1031.6
1118.9
1094.7
1093.7
1187.9
1128.1
1140.4
1221.6
1154.0
1159.4
1277.4
1211.3
1205.5
1325.3
1288.1
1263.9
1314.3
1289.0
1282.7
1378.9
1326.0
1309.4
1414.1
1368.6
1394.9
1451.7
1432.3
1435.9
1547.7
1491.9
1510.3
1564.2
1526.9
1536.7
1599.5
***
770.2
746.0
720.8
834.3
847.1
814.2
902.0
873.3
907.1
1011.2
1026.1
1028.1
1073.5
1100.2
1127.9
1201.4
1172.3
1237.8
1306.6
1292.5
1303.3
1395.2
1378.8
1422.3
1485.9
1482.6
1491.5
1592.5
1571.3
1568.9
1658.8
1644.3
1702.6
1737.4
1743.1
1791.6
1835.4
1833.1
1843.5
1936.8
1908.8
1939.0
2031.7
2051.4
2053.1
2098.9
2129.4
2142.4
2232.4
2187.4
2241.6
2335.5
2321.4
2335.6
2413.9
2704.6
2412.5
2498.7
2508.1
2535.6
2615.0
2575.8
2619.5
2686.6
***
622.9
559.0
554.3
590.5
602.4
591.1
622.3
613.0
626.1
668.3
673.0
662.9
712.0
714.7
723.8
750.0
731.9
761.8
798.4
784.5
796.9
825.5
830.6
845.7
898.6
891.6
922.6
937.4
936.8
939.6
978.3
977.5
1008.3
1021.9
1014.2
1063.9
1061.6
1065.7
1078.6
1109.9
1119.2
1108.5
1131.9
1172.0
1168.9
1206.5
1190.9
1212.1
1243.9
1259.6
1263.1
1285.8
1292.5
1291.3
1328.2
1338.8
1619.0
1386.6
1385.4
1384.0
1411.1
1425.4
1420.4
1474.6
***
