     fun: -5.078847780287991
     jac: array([25.98839152, -1.15089053, 25.98600602, -3.11313677,  0.        ,
       -1.15089053, 25.98600602, -3.11313677,  0.        ,  0.        ,
       25.98600602, -3.11313677,  0.        ,  0.        ,  0.        ,
       -3.11313677])
 message: 'Optimization terminated successfully.'
    nfev: 128
     nit: 9
    njev: 7
  status: 0
 success: True
       x: array([1.51995083e-11, 8.16879651e-01, 6.19923557e-12, 1.83120349e-01,
       0.00000000e+00, 0.00000000e+00, 6.35351424e-12, 1.00000000e+00,
       0.00000000e+00, 0.00000000e+00, 6.28193695e-12, 1.00000000e+00,
       0.00000000e+00, 0.00000000e+00, 0.00000000e+00, 1.00000000e+00])
11
1.5199508318630706e-11,0.8168796509314147,6.1992355693263335e-12,0.18312034904718655,
0.0,0.0,6.353514242496406e-12,0.9999999999972966,
0.0,0.0,6.281936949792389e-12,0.999999999997258,
0.0,0.0,0.0,0.9999999999992756,
