     fun: -12.236877228919814
     jac: array([-1.0890286,  0.       ,  0.       , -6.9109714,  0.       ,
        0.       ,  0.       , -6.9109714,  0.       ,  0.       ,
        0.       , -6.9109714,  0.       ,  0.       ,  0.       ,
       -6.9109714])
 message: 'Optimization terminated successfully.'
    nfev: 36
     nit: 2
    njev: 2
  status: 0
 success: True
       x: array([5.44514303e-01, 1.60982339e-15, 0.00000000e+00, 4.55485697e-01,
       0.00000000e+00, 1.44328993e-15, 0.00000000e+00, 1.00000000e+00,
       0.00000000e+00, 0.00000000e+00, 0.00000000e+00, 1.00000000e+00,
       0.00000000e+00, 0.00000000e+00, 0.00000000e+00, 1.00000000e+00])
3
0.5445143029009174,1.609823385706477e-15,0.0,0.4554856970990822,
0.0,1.4432899320127035e-15,0.0,0.9999999999999933,
0.0,0.0,0.0,0.9999999999999909,
0.0,0.0,0.0,0.9999999999999886,
